-7.256736684132150117e-01 -6.491627029189086517e-01
1.310438968111999669e+00 2.632915347572526918e-02
-8.427908740469273186e-01 -1.396446624548421056e+00
8.062667151019663470e-01 1.174195016952334303e+00
1.279442456454084054e+00 -2.048509232160880267e-01
-5.566846104693179420e-01 -1.357448145338303824e+00
1.479292116756087072e+00 -4.643404511768431941e-01
1.677260780177119714e-01 -1.602444030426080301e+00
1.114195033385135369e+00 -3.886669370602951479e-01
4.219785996847969511e-01 2.081979287742125262e+00
1.284330305108498105e-01 6.974855552624732447e-01
1.858981607069129516e-01 1.755620699884432367e+00
1.360526540113311755e+00 4.955922868328735964e-01
1.372314961034210468e+00 1.124083713667742984e-01
5.469372098372546898e-01 -2.899237209935194293e-01
-1.699276161997059331e+00 -5.119339826036455321e-01
-1.393573999547093711e+00 -3.198304007436645890e-01
-6.972430110713493390e-01 -2.077844078210365542e+00
4.041823272972544512e-01 -8.347152663764244584e-01
6.823561391977035484e-01 7.013758653015535194e-02
-1.151585094887384517e-02 5.043933567160662212e-01
-1.779223683830484681e+00 -7.554700365678538310e-01
-2.000633087627639306e-01 -4.811369651513507928e-01
2.079840983326811388e-01 -1.126369629506139558e-01
-1.495148364810451769e+00 -1.247044841195501241e-01
9.004910250284740847e-02 3.025857569248930345e-01
-1.871169355324968420e+00 -4.950012991607696256e-01
-1.667410259538281592e+00 -4.112000228561052961e-01
-4.842544188782750281e-01 -1.089886428744011038e-01
6.565316028200960385e-01 1.733521200773770476e-01
9.223154207116429637e-01 -1.925712747180643891e+00
4.968340256391798326e-01 -6.527262123461210486e-01
1.786793763990623951e+00 7.955047668440174968e-01
-1.007513490409669560e-01 7.588860539200572575e-01
7.918899297625404954e-02 7.578482387153301358e-01
9.419327903512588751e-01 2.709564997720405044e-01
-1.369465988459065420e+00 8.841973773345953580e-01
3.239423496114183787e-01 -6.156005341103305550e-01
4.032691129063548652e-01 -6.577953369396982719e-01
-6.808350910812669410e-01 -1.037246187213179960e-01
-1.830568679726238379e+00 9.866152780793847887e-02
-1.950090300551817479e-01 -2.214990054280267184e+00
-1.233573578392349601e+00 7.158963150387704921e-01
-2.312379554463661169e+00 -2.150654503451930655e+00
-2.486687854692953614e+00 -2.071250959381688572e-01
1.222990242319314191e+00 -2.892284374897595156e-01
2.049930067371488640e+00 7.095092656014192478e-01
-1.476095412229832204e+00 1.555817584540818421e+00
2.501220848637547012e-01 1.563277314303808563e+00
5.425521919912920099e-01 -3.932044646865802129e-01
-6.359034324119267056e-01 1.688842570156378509e+00
-1.136187249518399778e+00 1.240689103265245175e+00
-3.490745629135220685e-01 -3.960202406902327832e-01
-7.229447283951316860e-01 -4.818109647862267031e-01
-4.612837797262810124e-02 -3.684758423501897084e-01
2.557459233030603407e-01 9.021666629715159313e-01
1.309869703991718648e+00 -4.195557313160448998e-01
-1.322947802040610465e+00 -1.432400917218280778e+00
4.130799542825805415e-01 -7.547091519980703156e-01
-3.202649715949401066e-01 -1.913217792849887022e+00
-1.695118800028902195e-01 1.775267028571412498e+00
-4.330000003285112142e-01 6.061473530377158303e-01
-8.337706071865899071e-01 -4.551481732872565411e-01
9.617842491622096146e-01 1.885961267636280126e-03
1.446492544856754048e+00 3.206009416628140540e-01
5.959397759799905936e-01 -2.854277482262309040e-01
-5.480055626697959426e-01 -4.747720903665591519e-01
5.119118469836833052e-01 8.551552694185340364e-01
7.979149963766120346e-02 -2.062980472640395802e-01
-1.141086995858898723e+00 -4.630681894734656745e-01
9.163484188692111454e-01 1.470571906842666199e-01
1.636258571088171854e+00 2.199631608242516911e+00
3.780315154158786495e-02 -1.644831398769548148e-01
5.611795549931061777e-02 2.207050081243009942e-01
1.352825576343547276e+00 -2.455136969422877791e-01
-2.707743166404376692e-02 1.658658853063969818e-01
1.541037194023584800e-01 1.869730625478412340e-03
9.302858513935284568e-02 -5.335239088426122489e-01
-4.152428657937397571e-01 7.431545218871300762e-02
-1.951875946643796711e+00 1.052370436566965051e-01
1.578735857842792578e+00 -7.895503902775127258e-01
5.922345985383036249e-01 1.139254151514287106e+00
-1.560839111151421710e+00 -2.793133066365213746e-01
9.892031565661585368e-01 2.719886172068000985e+00
-1.177975283101528214e+00 2.223491786791848668e+00
-7.970265843710645504e-01 -9.160668946865569984e-01
-1.918536765911178277e+00 6.731447570764086119e-02
-4.912688319485186139e-01 -3.171394227986857883e-01
4.620297933714300198e-01 2.498897467678133644e-01
-3.336418270880307513e-01 -4.555167901953835474e-01
-2.592072246031589255e-01 1.018923306103640229e-02
-2.759669534533406021e-01 3.937534980156304210e-01
6.619981593859231017e-02 3.302042996392387519e-01
-5.659879899043622764e-01 7.039743496296632097e-01
1.356237871699732755e+00 1.639747659395157431e+00
2.102113179312710134e-01 9.964494420715193090e-01
-7.435765917359211663e-01 2.205851504699896659e-01
2.966181644071002599e-01 9.267925589095730166e-01
1.973662159743151845e+00 6.856693531281043974e-01
-1.138956331782562392e+00 1.306893542075441728e+00
-2.155231679334090877e+00 9.222915087582582716e-01
-1.335657205401765024e+00 -1.348182587402142696e+00
-3.776840132786444815e-01 1.583821709799912769e+00
-1.209619140815432647e+00 3.519928451168886641e-01
2.083256683541123422e-01 -1.719495459413463045e+00
-8.355890329604255262e-01 -1.985961639445255722e+00
2.115641072856140059e-01 1.421119827366914556e-01
3.141822896017135935e+00 9.750343742709965955e-01
6.547993971371927069e-01 2.087792165556704216e+00
-8.310597047907974932e-02 -9.357097069911418652e-02
-9.350525086872271685e-03 -1.793141585468484456e+00
2.038746306366335581e+00 8.608018729530743374e-02
4.129903150900261777e-02 1.238248602835687162e+00
2.288915787029568161e-01 7.157704993883277078e-01
1.306773582014655988e+00 9.003511497479327330e-01
1.895417021002193669e+00 2.240736831730051115e+00
2.185396753058808927e-01 -2.315472642893163346e+00
1.148842001964957976e-01 -1.488558399368799634e+00
-1.907412541301402586e-01 -6.138407797936996646e-01
1.036757568930106455e-02 3.380973965542180548e-01
4.859328674678348725e-01 8.854129985078939002e-01
-1.778384789630355900e-01 6.583914430077436597e-01
-1.394705437298668471e+00 3.335622194479129776e-01
1.172369820180368283e+00 -1.852360297000562317e-01
-2.256033294108461817e-01 7.165357036350475939e-01
2.019562070632501538e-01 9.140302231868907556e-02
7.907913834277615628e-01 4.744890231294200955e-01
7.640422651791780595e-01 -2.517988314824141666e-03
-5.770788569605542900e-02 1.108972678538903800e+00
-1.209634472904192126e+00 9.241422293942089805e-01
1.956285060808869991e+00 5.340647305253919397e-01
6.769674610642921753e-01 -9.215885661317426703e-01
-9.983804813210550577e-01 -1.013158194279746849e-01
-1.555169714809938597e-01 5.584581615958794654e-01
-1.799320515288479472e+00 -1.806497770990486140e+00
4.217289722167115729e-01 6.895801678897083287e-01
-4.969218547984641243e-01 1.123345458559826371e+00
-7.613002362095832032e-01 6.280424041414145453e-02
1.546287791386870891e+00 3.882247720782626144e-01
-2.075086815875310797e-01 -2.725969334293568025e+00
-4.532657575222261981e-01 4.272960403979345761e-02
-5.900451753809963229e-01 -1.498339610738309124e+00
-2.217345603893850825e+00 1.386121864039447482e+00
-2.068704517207401727e-01 1.235133247784276689e+00
5.141755026588312738e-01 -7.889274032668590619e-01
2.345936307482157535e+00 9.103440736427621804e-02
-1.623777638676562995e+00 8.443199718698065626e-01
1.254488206482471391e+00 9.315636043143944722e-02
-1.816630239963989979e+00 -4.465389397458440768e-01
-4.696589649100355590e-01 -8.548760705031606122e-01
-2.480808034621450719e+00 -1.106524354479715283e-01
-5.194633320434954848e-01 6.389924522537944185e-01
-8.008573415975566157e-01 -3.453716008722818032e-02
-9.240679428232374537e-01 9.033165542735919207e-01
9.894092945601318245e-02 -4.677052184326833117e-01
-4.633441429964573199e-01 5.796674777608045170e-01
-6.401928481002582272e-01 1.641821803758539255e+00
-2.024975779199906345e+00 -1.142255655757972832e+00
-1.743606668655190761e+00 -1.259065724812725495e+00
1.137672858230346806e+00 -6.166092559897070613e-01
2.261463879926273179e+00 -6.991640675832495599e-01
-2.415574366982989607e-01 -2.281208433318784756e+00
1.603623329048627255e+00 8.181644077420452410e-01
-4.418715957047520404e-01 6.517316404022971410e-01
3.873971015044391786e-01 8.324022166638943565e-01
-1.095250668505278746e+00 -1.335602407678550652e+00
1.324110201891474103e-01 -9.700842137002475551e-01
-6.266735705173417381e-01 3.305802756670588316e-01
6.960046739758684042e-01 -5.444246377070570686e-01
2.173942885033126604e+00 4.768752017692305945e-01
-1.205843254915416107e+00 -1.385233135413215688e+00
8.090542322500953176e-01 1.572443555680382410e+00
2.224355124647123372e+00 9.663418281801121612e-01
-1.001764758639864361e+00 5.429498920401181206e-01
-1.872362826207204373e-02 -1.164662833416367782e+00
-6.304809538553586279e-01 9.754251718563083928e-01
-1.064302037762578035e+00 -4.001826898961584056e-01
-1.330367306930103188e+00 -2.185135478763420736e+00
6.556745503427099386e-01 2.928283850267938138e-01
5.030895097697607454e-02 -8.869966557781041594e-01
-1.250992209583012382e+00 -4.799523852039600524e-01
-3.660215861783233660e-01 -2.304701367318148453e+00
1.075200885099718118e+00 -4.233177852564368182e-02
-1.083526969958317876e+00 -9.051148214905256895e-01
2.319800421402328450e+00 -5.841601789230697062e-01
-2.606056356583502653e-01 -8.244588524287833620e-01
1.352748920742147920e+00 1.826565752181403379e+00
-6.225359974336779345e-01 -1.135305049236549069e+00
-8.987370935079094236e-01 1.330444241118908799e+00
-6.998656801686310713e-02 -4.546584696449196827e-01
-3.460992626655884363e-01 -5.622050214604844554e-01
-1.800464694598164495e-01 -6.842987344843555197e-01
1.528743043855719241e+00 1.033564100999360802e+00
5.901333735762054333e-01 -1.078440816635012123e+00
-7.881334217168666223e-01 -1.262608112476987898e+00
-6.804993117214248599e-01 1.156437806063982832e+00
-7.111840638135187298e-01 1.625125815390868478e-01
1.110493712498421326e+00 1.114345983621218839e+00
6.506491500787429105e-01 -1.669330448489406704e-01
-6.727470642781172572e-01 3.491935668687005112e-01
-7.351008488097141580e-01 -1.068644514038184612e+00
3.887299234903799361e-01 1.475968050803163178e+00
-3.311477448275922941e-01 8.161005004131135498e-01
-9.678359850658336816e-01 -6.024760321673390262e-01
1.390839470424865665e+00 -1.074272638491456267e+00
6.037107065311142495e-02 -1.395833487332623246e+00
-4.827891055333014547e-01 9.775939713669256487e-03
-7.094035702640508201e-02 -1.591443117831679466e+00
-1.703528761382691326e-01 -7.687844450126404827e-02
9.962452770329646157e-01 1.278334391190118602e+00
2.196953691989337112e-02 -1.222239508318302192e+00
-1.095811826798058636e-01 -9.381184834728402144e-01
9.007028770634198933e-01 1.735126523997570391e+00
-3.751526902462632984e-01 1.136502342200250038e+00
8.217245528709911095e-01 1.533613640146717361e-01
-6.096402854705138541e-01 2.355303083754046511e+00
-4.996132484258568596e-01 1.716784127806590732e+00
-1.876817573970298803e+00 -2.905863458116512976e-02
1.117429209403290713e+00 -3.804953263342056857e-01
-4.397213689939847292e-01 -1.238591758234805829e+00
1.701370721631671190e-01 -9.435141565533844421e-01
4.607074029185772579e-01 -1.200216098276837978e-01
4.701252288924566702e-01 -2.791715310353971580e-01
-5.556856957235818406e-01 4.000082736772359593e-01
1.288133203371923940e+00 1.584017471619234119e+00
-1.491727753054557626e+00 1.369623813653289890e+00
-2.541408022668823485e-01 -1.268863100063293947e+00
9.523323416600538993e-02 -7.816598739823579223e-01
2.853260942461317007e-01 9.571799924265178561e-02
2.363247775928471572e+00 -2.893163165921704416e-01
2.430447474892996063e-01 -1.420688012390336041e+00
-2.196914318324909299e-01 -3.540536825011038058e-01
-1.601651433150365067e-01 4.966483300376556831e-01
7.888450455265032524e-01 2.430992917527676211e-01
2.006396477719266436e+00 2.776012961402468671e-02
-2.015416997979801728e-01 9.735484289872405883e-01
1.118326145672554395e+00 1.928725266390643123e+00
1.469281054024829669e-01 1.179745317870283250e+00
7.693859832105227614e-01 -9.916837942953211638e-01
-8.067150599776427011e-01 -1.107655973366388213e+00
2.132820607200903995e-01 -3.612148569863949943e-01
-2.586663758393007925e-02 -1.529402603147166584e+00
-8.024162089639613749e-01 8.359883709465155688e-01
-5.942088463348105254e-01 -6.723082306125847118e-01
1.664411626012417100e+00 -2.379760543665021821e-01
-4.337726803187822999e-01 1.357070412428637018e+00
1.530761349304124996e+00 2.075391058095924723e+00
1.046881021808551276e-01 9.830794358825700741e-01
1.443945713688612686e+00 -7.899689517227348468e-01
-2.382622832697053106e+00 -1.777872384346580237e+00
4.844081302195530903e-01 2.531102861481577260e-01
6.480336459817550576e-01 -1.160787350815877667e-01
-1.304209299508797715e+00 -1.160876945441333907e+00
-8.258875367378579191e-02 -9.331349085020826939e-01
-2.610520887834726356e-01 5.354041004808235416e-01
6.816812457932884817e-01 6.559075605643719387e-01
5.794184312977073148e-01 1.168822140992760605e+00
-2.705390077877891097e-01 -1.038326523453090289e+00
-3.874935277294055957e-01 -7.960465489713933751e-01
1.276466526156385672e+00 9.666189217658603949e-01
-4.525992636844945460e-01 1.658420372488230918e-02
-4.428705964706622367e-02 -8.920421427720347518e-01
1.133897716784981968e+00 1.099294883888119800e+00
1.875433403331599358e+00 -4.735519718785413668e-01
3.546300869399541256e-01 7.091334414652550322e-02
-2.990195603096352239e-01 8.813182761909656993e-01
-1.917714807060897142e+00 -1.182905718143714147e+00
-2.670034649776407698e-01 5.490119342159582860e-01
4.010790157352046581e-01 -9.968879741484607537e-01
6.827215667993068449e-01 1.131236484353110194e+00
1.056337512456801075e+00 9.461178464191027926e-01
3.862399074623660833e-01 1.061373219720876726e+00
1.532123115286219583e+00 6.839770235201915183e-01
2.992818076583420028e-01 -8.287923586683412225e-01
-1.104872633870949361e+00 -1.547163854963070406e+00
7.430195960203443972e-01 3.286019037184244040e-01
-5.199719472642593265e-01 5.699053093718026153e-01
3.900855520798620635e-01 -6.961558820068372566e-02
-3.463476804256246377e-01 1.174357922442969437e+00
-1.171161745083902916e+00 -1.506185282635858380e+00
-3.890828769199413117e-01 7.785209770956489361e-01
-4.317902690154920009e-01 -7.495085976894787505e-01
-1.226798116855221332e+00 -1.741766455455875384e+00
-1.405325926597372543e+00 1.378277606272100053e+00
-1.559418845190461145e+00 1.062040658156683692e+00
-1.513489859108363977e-01 1.474111653944770950e+00
-9.831216435935697939e-01 -3.208845119060689810e-01
-3.841558381960549773e-01 4.307987844113440601e-01
-2.026778517729188878e-01 4.462575724722446791e-01
-5.766294055337973790e-01 -8.250242237430239767e-01
1.130535750309175747e+00 -3.945515145547210945e-01
1.569424126778963258e+00 7.149758614368046938e-01
3.155671422955088623e-01 4.276355047150030564e-01
4.277998908646221676e-01 5.250983681056907715e-01
-3.818174476402980133e-01 1.462458905528794990e-02
7.332437180384652198e-01 1.466143872306517215e+00
1.631798503716408999e-01 7.940942293291128884e-01
-3.399772652973807874e-02 -2.112479732219993689e-01
5.941050482211759215e-02 2.664260633043525339e-01
9.474835721144161393e-01 -6.162837893764148145e-01
-2.070029395647609571e-01 9.317359964951449358e-01
1.460053047244463387e-01 1.588611458807068999e+00
1.719132134129641054e+00 2.140874122618061925e-01
-1.467522265853158148e+00 -1.158782469398047299e+00
-4.240212419143803979e-01 1.211836050043630708e+00
-1.010002516232752612e+00 1.040719987533090363e+00
-3.006491780102119385e-02 -4.207908005328300227e-01
-1.005047614907437437e+00 -7.558945500180397348e-01
-1.163275511403714380e-01 -8.883561601729848822e-02
5.501119413334945585e-02 2.077305524689616323e-01
-9.085682081421075917e-01 -1.071146014667668567e+00
-1.437864841537404015e+00 9.868066901022991555e-01
-1.109265435057866123e+00 1.648556618597721624e+00
-4.066204577405993503e-01 -1.048281223833484432e+00
-1.122401843930548981e+00 -5.002555447549621448e-01
-1.355343925554265194e+00 -6.120961365105050123e-02
-1.279615329550520375e+00 -3.502173112148453393e-01
5.590468184879027191e-01 -4.266857259349622344e-01
9.075473383506001135e-02 -4.688961309651126785e-01
1.081080504406142007e+00 8.069462738184234318e-01
1.661159956138527904e-01 7.072808461461731200e-02
2.563949120614862354e-01 3.089442214033857326e-01
-9.778432811967202598e-01 4.277728237665017197e-01
6.473376537285410182e-01 7.779246850714046646e-01
-6.244368526375866368e-01 9.319669364609709517e-01
-3.517817804353290945e-01 -2.844937008108284759e-01
2.454277319013129954e+00 1.507812414685408164e+00
-1.510774954158510486e+00 -5.767962081395840990e-01
-6.246120381536571786e-01 -4.900978616410225364e-01
-2.754615728256857438e-02 3.206576313367440756e-01
2.715281180991596655e-01 5.072994156018617584e-01
-4.248419130586699732e-01 -3.990026978972179283e-01
-1.432747491404019469e+00 1.138869891210225971e+00
2.198419399586495904e-01 -6.470746891027697734e-01
-5.510855656607389214e-02 -1.516287991282468661e-01
1.575738944279234111e-01 1.450029269763567462e-02
1.084330726102284315e+00 7.772035060168230869e-01
-8.510100047696076420e-01 -1.341164843234374571e+00
-5.886646204587788755e-01 3.455202318429230757e-01
-2.437123102595226687e-01 -2.742468595817705856e-01
4.960758270957935090e-01 5.460202782305272340e-01
6.507979663432800210e-02 2.139849652475506459e-01
-1.853876316203608710e+00 -6.632405998127338664e-01
-1.036137524698751422e+00 3.965567654963951805e-01
4.620916797423547662e-01 6.646847299548520605e-01
-1.115291474791044735e+00 1.335964808791925806e+00
-6.666495416523240403e-01 -2.597040000527429449e+00
-5.993694654174819281e-03 -2.013040920004726952e-01
-1.046406159900769572e-01 -1.593106091344919761e+00
6.827917051207982313e-01 3.000921091172142341e-01
-3.501051096797910128e-02 1.460843755050075798e-02
-1.163888882597102215e-01 -2.650818786349011802e-01
3.328120129618953871e-01 9.293587525170159402e-01
3.328159952855554993e-01 -3.624387643467350539e-01
-1.341233898586692286e-01 1.065479310858459705e+00
-1.072256003438443406e+00 -1.592114169243812327e+00
-9.035304588440818963e-01 -2.941844458839569798e-01
2.401986158236417701e+00 7.176385383348138358e-01
-6.200800522479205101e-01 -3.682401586149083167e-02
-1.985405663313018904e-02 -1.512917735215673076e+00
8.164147026460922829e-01 2.678955359017538562e-01
-6.061337598060248522e-02 -8.195797445250861957e-01
1.691597598786486634e+00 -1.958961742930692140e-01
2.023734602363429946e+00 -6.300207663765733379e-01
9.088286718267579722e-01 -2.240108182564773287e+00
6.882543516068799772e-01 1.582969257151288778e+00
2.369193661828860709e+00 2.994176024265613467e-01
7.983247689667705149e-02 4.038444850109844109e-01
-1.850611637979203972e-01 5.765337396496490463e-01
-2.806715101228126619e-01 1.169550113520432699e+00
-4.121353378712855342e-01 1.122845540317189972e+00
-7.463657150726040745e-01 -1.271543315389901174e+00
-1.160163490894347005e+00 2.577779719141210513e-01
-1.168845923803847997e+00 -8.319098286464384762e-01
1.241422542146289443e+00 -1.120873243056445201e+00
-2.760957725720957767e-01 -1.076647549988951402e+00
1.102386019849122212e+00 1.320462904245035318e+00
3.454018902216458575e-01 1.566617079810029400e+00
-6.689323747458196801e-01 -5.973236826057369830e-01
1.636310275225085487e-01 7.834136963700695233e-01
4.242161681759765157e-01 -1.282813190534143333e+00
3.046768678002068631e-01 -3.140791056024050398e-01
7.166638894209438615e-02 8.974932756405982204e-01
-1.125572851616572612e+00 7.151331001723922054e-02
-6.717410538542960552e-01 9.650046259044111618e-01
1.550659284862235809e-01 -7.893752313534512233e-01
2.039743974773727542e-01 -5.217746944109006302e-01
8.236051348543830253e-01 -9.152077772869577910e-01
1.072592058667926729e+00 2.384870512355355965e-01
9.550030564573718239e-01 4.719055838555976656e-01
-1.293048317367623268e-01 9.433592408452826650e-01
-9.045402480000969136e-02 -3.206490967546818394e-01
-1.225532303258621614e+00 -8.505700341590770597e-01
-1.278417412568241818e-01 -6.075009413550225279e-01
1.173779704998614282e+00 -8.297673179142150968e-02
1.366537598072339765e+00 1.072327607152270934e+00
-8.154267844072436988e-01 -1.475332019502990644e+00
-1.472909106506405497e+00 -2.063630659342819751e+00
-1.874804021020442246e-01 -1.037254677902573530e+00
-5.890668452344289818e-01 6.659587404754964135e-01
4.423214536192169311e-01 -2.557746663601605241e-02
-8.996068683217781081e-02 -1.489639270591414377e-01
1.101925869957864068e-01 -8.308581789216192004e-02
-6.711327333182463828e-02 3.675937924969536752e-01
1.016828868974027245e+00 1.416231067570569158e+00
1.154220868366581776e+00 1.362174634302949272e+00
9.066505498299466392e-01 -9.529130579305029602e-01
-1.251382682708126026e+00 -1.279627152401768553e-01
1.266117531947744901e+00 4.282641761809394820e-01
-5.757573994722470223e-01 -1.404203034005116368e+00
7.868371058259768791e-01 7.417805999065212319e-01
-6.644500299404986210e-01 -2.406416210675307310e-01
-7.700825211380005753e-01 -6.652637136685647379e-01
2.110472353587530492e+00 -6.404283884397875548e-01
2.861866526826074009e-01 6.329197619682116471e-01
-2.232206928272306268e+00 -5.700742159975412671e-01
-1.171965654327294493e+00 -9.768385983729773736e-01
-5.059357791286306361e-01 -2.375267447785662345e+00
-9.022078557021360190e-01 -1.884010537136210639e-01
-9.356715580004044686e-01 -4.209569789379176696e-01
-2.035197523301946809e+00 -8.474574484952810405e-01
-5.414617277957586294e-01 3.656936378764688023e-01
-2.226733687570820186e-01 -3.775411725868674795e-01
1.050273097289282198e+00 3.117458248773144480e-01
2.337244534110289318e-01 -1.831515537477389710e+00
1.170411634463735639e+00 1.717683643253972714e-01
2.367192393781041571e-01 -4.574447200532158475e-01
4.542507851551381981e-02 -1.619336106793859420e+00
3.133108351614753428e-01 -8.851996531708874461e-01
6.363098796617449038e-01 -4.842805776691890690e-02
2.330341236574583891e-02 -1.635994319442697631e-01
3.787552315434191130e-01 2.353676163481541184e-02
-8.595474554720362592e-01 9.444053874921862768e-01
1.859792427247004110e+00 -2.237694697776272612e+00
7.349365730906495253e-01 -4.797425982341092521e-01
5.485144519596958368e-01 1.011588720199316116e+00
-7.408052821568446300e-02 1.317906086717153258e+00
-6.886388456851726125e-02 -2.877309684525051758e-01
-1.134419787822547487e+00 -8.760450322431444503e-01
3.741976826089633557e-01 9.243476230279578099e-01
-5.354097544938227760e-01 -2.845793615193396575e-01
-3.105615268746091395e-01 -5.494916444126682897e-01
-5.287526256832358884e-01 -7.515076771768199881e-01
6.077592818533215091e-01 -1.226587502438054811e+00
-3.524547220046247986e-01 -1.121470925783226491e+00
-7.599724922774498959e-01 3.528818945971510246e-01
-6.496104037857869384e-02 -1.103576669207233074e+00
2.398629602996836807e-01 -3.055280720686588958e-01
-3.185198717310329108e-01 -3.118001875940428214e-01
1.801356765467736210e-01 -1.574016501812446567e+00
2.903870325837817901e-01 1.040189828843577136e+00
-5.951086205957953901e-01 1.807721665629082652e+00
-2.522628310858331391e-01 -1.515120846645624797e-01
2.061248350399585705e-01 1.723166965605322509e-01
-4.883698553363922251e-02 -1.405355089081998798e+00
-6.501124476695734344e-01 -3.340388158467916951e-02
-4.875974116335809461e-01 -8.635526616612132500e-01
-3.141324462942532425e-01 -6.975945357899056010e-01
-6.079249877486313514e-01 5.901241838982781429e-01
-8.613948337811433431e-01 -7.358050908125639451e-03
5.483771474320993100e-01 9.251763951866731617e-02
3.526913634868623082e-01 -3.585461395375674210e-01
9.294458336605025961e-01 2.220870165809414598e-01
2.936842392050121320e-01 6.933947029285011388e-01
6.371775107937733829e-01 1.255109037220842660e+00
-7.929404027142255007e-01 1.908027219915060524e+00
9.506360489546484827e-01 1.627094104438796318e+00
-1.735820735322409991e+00 -1.411965144155599372e+00
1.695051273306007023e+00 9.382553904754575846e-01
-3.443411611248022308e-01 9.987797450012481093e-01
-2.504140943484006732e-01 -7.226631724944567736e-01
2.812676150893750338e-01 -4.668554191351235172e-01
5.290596207157257647e-01 -1.315128518402477464e+00
2.532851672242300567e-01 7.935867494384394316e-01
-5.403152128603706528e-01 -2.019272549938047057e+00
-1.233935798282699503e+00 2.955432556871521732e-01
-7.857320094000201927e-01 7.964774996586314604e-01
-7.618394207239574945e-01 -1.759503416831673217e+00
-2.206111011279042189e-01 -5.200751593239412163e-01
4.357302296373599670e-01 8.137914597925757221e-01
-4.336911568593189159e-01 -2.618571402311236085e-01
3.695054385520373796e-01 -2.230206154198389079e+00
-4.491305762665191992e-01 7.984215951343397455e-01
-1.922624307102254737e-01 1.059851069273930690e+00
1.299957515337293534e+00 1.440956516397106535e+00
-9.778136128147881800e-01 2.120482451732337015e-01
-2.551354735180174152e-02 -6.174314700449646809e-01
5.547109545304254041e-01 -1.523176586268676358e+00
-2.038961460220189426e-01 1.750016397669444723e+00
-1.549597401869509394e-01 1.906828199103169252e+00
6.624178683557880865e-01 -1.956374900612045317e-02
1.036434083904786752e+00 -1.988267083812543176e-02
7.325123366256216517e-01 1.936588499794837270e+00
-9.138729971727393986e-01 7.282846447513164900e-01
-5.907294850749053028e-01 7.989499252139570240e-01
-4.581047966440421337e-01 -4.756092044555912390e-01
1.382181977306783605e+00 -1.842550346442958897e+00
-6.785649781679581327e-01 -6.815741753678807857e-01
9.798493848012486407e-02 -5.535543180091943849e-02
1.185655666776332051e+00 1.640514607709304129e-01
-5.248070172962011615e-01 1.075735589853886731e+00
-1.102827940479219199e-01 1.003315632698861037e+00
5.203648451322300250e-01 1.239299163529065662e-01
-2.775081482623348972e+00 8.171713834237298579e-01
1.936514811014305115e+00 -5.371621643473271229e-02
2.528510749017036097e-01 9.925597223985130890e-01
9.180918460234277489e-02 1.745316777327051982e-01
4.846424227090649350e-01 -1.419852684588574387e+00
2.669219250570480928e-01 -7.137521873511536441e-01
4.883197746737169640e-04 1.307425267128771162e+00
4.516658389546198554e-02 -1.289028522520828945e-01
1.379987445195262952e+00 -4.025538246622650251e-01
6.942822480570968180e-01 -6.113091160206770569e-01
-1.106165597702113423e+00 -5.057661116274757562e-01
-2.205427042934154924e-01 1.712355810360093322e-01
9.735295939046212377e-02 9.483887411853136884e-01
6.728949724625409717e-03 1.526228727994388468e+00
1.881220919292113436e+00 8.382161158111239851e-01
-1.624440042176782617e+00 -7.702620757450553413e-01
-1.375147069620256124e-01 -5.929029184484153614e-01
-6.021036152943571862e-01 8.863464334000228373e-01
-2.032342414437386668e-01 4.573286113963877519e-01
5.597366864123904939e-01 1.330167589891237512e+00
-8.742564736102350631e-01 3.082090367245970963e-01
6.073308958371359534e-01 5.962207806545364308e-01
8.842299099916549939e-04 -9.654109492050192420e-01
-7.409791115952548690e-01 4.113352295556341742e-01
1.623274534944564973e+00 9.364065215348700288e-01
7.918752482769642054e-01 -9.457675666686217175e-01
3.051502224018149967e-01 -3.650076089365926202e-01
-2.623041164630234359e-02 -2.350474475674398933e-01
1.464328193965384495e+00 6.158727267785166770e-01
-4.296459049721997880e-01 6.270782471526219481e-01
-5.828758431965734843e-01 -2.130261504089518143e-01
-8.863600452388863404e-01 -9.162539716288125025e-01
9.040518180005130411e-01 1.942059828852971792e+00
1.373894331746353226e+00 3.000436249156522295e-01
1.204210836776420102e-01 -2.159019640341140800e+00
2.196017381054709006e-01 1.254308185731184189e+00
1.084182945909900164e+00 -1.793218960325539513e+00
-7.615380061607690543e-01 -4.702674150090060956e-01
-8.524664769921877494e-02 3.059299331023391799e-01
1.617211696203134430e+00 1.876976385736011776e+00
3.249029925075501701e-01 -6.769572201097370234e-01
1.267343167138376803e+00 -6.841646003407860777e-01
1.629540352545056914e+00 -1.019665968838313619e-01
6.656899424342835880e-01 9.339160858607108429e-01
-1.892195186036786270e+00 4.950069295822932813e-02
3.108836672756203345e-01 -2.107997705662247423e+00
1.935148056918852832e+00 6.100342535472900174e-01
8.061939489710773232e-02 -1.331868376340912707e+00
-5.478392805555650780e-01 7.513218323418026090e-01
1.443963734584176928e+00 -7.302884597451101412e-01
-2.600267459685684734e+00 -7.578275082942182994e-01
-4.105397027201960758e-01 1.876710696698074554e-01
4.510335064144556649e-01 1.670168659552155321e-01
-1.491332727058562180e-01 2.634454197277225629e-01
1.456043785021314818e+00 3.701129109721570387e-01
-7.602234745762271872e-01 -8.188295248288457451e-02
4.860672714745580270e-01 5.367008605783264441e-01
-1.414404187350576936e-01 -1.596551094373588331e+00
-3.673608581713662113e-01 -1.054520764578515069e+00
-2.802463263582098740e+00 -2.160320998847187202e+00
1.004095365137742890e+00 6.015869953240088330e-01
6.412472165422465897e-01 1.416630669553930799e+00
-5.640763242593615362e-02 8.974350809634952242e-01
-9.660343880886376189e-01 3.058121370541880268e-01
-6.998583429174666526e-02 9.964865327947945994e-01
3.925787093619996782e-01 -1.966235489751119725e-01
-6.457670262494056290e-01 4.478832049204343191e-01
5.701851729450556627e-01 2.662855995209463811e-01
5.760240646727669001e-01 9.380960467240267997e-01
-1.073503439082660604e-01 8.322217562203658714e-01
-5.681653201869957259e-01 1.797608202473393479e+00
-1.107102202586164319e+00 -8.946189851572250440e-01
-1.004245673542097927e+00 4.480146884331297902e-02
1.250327684667084993e+00 7.915214234195224741e-01
-2.095395959288643528e+00 1.364130427445979343e+00
-1.006181639847634424e+00 -1.886273842138915136e+00
-8.462464499160379794e-02 -1.364177574495604839e+00
7.037808110858898014e-02 1.309499382380688637e+00
-3.962692262933465437e-01 2.370832138770293807e-01
7.001839345902709510e-01 4.032118648206409750e-01
5.623918013914471770e-01 -9.664858052865846760e-01
1.441911246573085892e+00 1.701025942642699684e+00
-8.917623118638728918e-01 -7.133751606955871516e-01
-2.764022062962742110e-01 -3.546247363708162625e-01
-4.046131581810477051e-01 -1.327694537344468406e+00
5.836162523988287776e-02 1.049522498507990065e+00
1.225370279349759173e+00 5.936301334241619321e-01
7.585458487218487145e-01 1.958498095229009028e-01
-1.745727647831935681e+00 -2.990280921514132384e-02
1.135643957827147110e+00 1.785572921876450225e+00
-6.434887138642826354e-01 -5.413900421231151450e-01
8.097379429743204460e-01 -1.328783019295503909e+00
4.513445158065204077e-01 8.794579086702994930e-01
5.209490280382198524e-01 9.471096286581870416e-01
-6.637535453593808032e-01 1.179962501317601165e+00
-1.015809766639181044e-01 4.340589293484967692e-01
1.265210368126862717e+00 -9.732326347435977798e-01
3.416948810702682970e-01 -9.222623202886229832e-01
-2.778065481920416468e-01 1.792266443373612406e+00
-9.684977559871214003e-01 1.828032397672369358e+00
9.032057201786384271e-01 2.841309410743033670e-01
4.522959618088439049e-01 6.598437948580518908e-01
6.619047307326750840e-01 -1.372748657669403460e+00
-8.292047586321860120e-01 9.252241154737044226e-01
1.011384280728432478e-01 8.829551057651267854e-02
1.696026490561247879e+00 -1.456365758857932180e+00
5.738173040643176348e-01 1.539046228156622620e+00
1.027656962153104203e+00 2.114791509522689905e-01
-3.641725258547572897e-01 -8.438011076323628235e-01
1.818085831234371175e-01 1.833847234039074070e-01
1.175089193194823300e+00 -1.177424440909673686e+00
-1.419297331342726176e+00 1.058729031910051743e+00
-8.683701273159297740e-01 -1.649716138430622925e+00
-1.472001864340901855e+00 -3.394334030606275254e-01
1.812975205470727991e+00 4.359232217231323592e-01
6.150729733069281169e-01 7.951206747727521673e-01
1.295393330339425608e+00 5.217430383603962607e-01
-1.262664473040462809e+00 -1.420091082868259358e+00
8.351304325958279762e-01 1.785442935245539209e+00
-3.409161842269967102e-01 -1.836884363787504526e+00
2.306855518547999750e+00 7.646132475883312685e-01
-1.504228899879510029e-01 6.728585579004279227e-01
1.159692578845628042e+00 -2.680259868906700871e-01
-3.046209721126078573e-01 -5.127988305409748593e-01
-9.809071798910029560e-01 -3.352879639746411677e-01
7.694638373820991140e-01 1.536130153875306048e+00
4.722171762621243940e-01 -8.291174366648109695e-01
-4.090076990736641327e-01 -4.405831798675267641e-01
-1.065512137498962231e+00 1.690551041728305948e-01
3.514662416604056872e-01 -1.298179155966111997e+00
1.113640625082503166e-01 1.372504560228918979e+00
5.056235181739906492e-01 -9.953091625994305858e-01
-1.372584595330893498e+00 -2.071024078766297905e+00
-3.321773227943343731e-01 -3.650017045599542737e-02
7.636791711852808362e-01 2.148998277113591815e+00
6.276001208169694756e-01 8.226716046376761904e-01
-4.568980128234749749e-01 -1.099930014517499721e+00
-7.100012515920794964e-01 1.304750202796261638e+00
1.230687459784670645e+00 -1.109726661157369287e+00
-4.296485391622010264e-01 1.646457140215534798e-01
1.178848739912102539e-01 1.856762760355293029e-01
1.125138911117724572e+00 2.199717858035300289e+00
-1.673479991046965265e-01 2.861687207044141257e-01
7.219354343727013568e-01 2.332911241100068978e+00
-2.078285717810505862e+00 -2.328740647637700611e+00
2.343578239036680777e-01 -1.870516616126101317e+00
-1.587485325432098637e-01 -1.083220588506620535e-01
-3.092629391614915013e-01 -2.732779175388538873e-01
1.665413379103287683e-01 -2.134447864516821891e+00
-5.401067854723815564e-01 -3.729356296754625377e-02
4.649152594390282278e-01 3.644777543993308555e+00
1.802653075480756595e+00 7.786667135888785118e-01
7.200762859706409669e-02 -1.769635316558177296e+00
-7.626330590160349532e-01 -1.826887746309676860e-02
-1.837315869060175411e+00 -1.039996494326525855e+00
2.127061084346277831e-01 1.867244284402014731e+00
-1.053985194170873774e+00 1.826951056709923416e+00
-3.103475603103320601e-01 -7.350491558791207858e-01
-8.878163201755139289e-01 3.760171388763564049e-01
-1.960239174362772729e+00 -1.295243653102349235e+00
2.047450921756015951e+00 8.456540203192930427e-01
4.097151899931633645e-01 2.218267317958055596e-01
7.433352440543434803e-01 9.069809372113601942e-01
3.686256564330390173e-01 2.719766245696129126e-01
-1.068845578489036052e-02 5.480292650960703893e-02
-1.466865576110979230e+00 -9.793758179676277376e-01
-1.862731106398389125e+00 6.988521177816983121e-01
1.724536646137755369e+00 9.494383154255351398e-01
-8.363226559676201211e-01 -8.984376701821551459e-01
-3.520910192596393706e-01 1.761000902051159181e-02
1.030070506160045030e+00 -7.885320317418827996e-01
1.922734895218243478e+00 2.217905989403414768e-01
6.689497685224742030e-02 5.384197929584365327e-02
2.175350405735595682e+00 5.502929830394533983e-01
1.109675359733526268e+00 4.251761258593371728e-01
-1.440096609770808112e+00 -4.613428887003912654e-02
-2.007664545718944871e-01 -2.016843894180841285e-02
1.174956864456351946e+00 4.778031511786859920e-01
1.963335924821354661e+00 -7.644549843517543797e-02
-1.524037473738329707e-01 1.754250474863441989e+00
-1.271339652829376055e-01 1.812552437809811789e-01
4.845880123818203100e-01 1.734992995408342689e-02
-4.779864258622343320e-01 -2.832915649861266205e-01
8.530432536458744108e-01 5.273700462378752007e-01
-2.166593054677239671e-01 -1.722594953429064990e+00
1.732071551475582893e+00 1.801996907426728911e-01
-6.377037043433495533e-01 1.000181471178403836e+00
1.990999151017384783e+00 -2.589840844286635524e-01
5.337248621930503756e-01 7.976868617103293202e-01
3.649677660523164557e-01 -1.118932062421458817e-01
1.859557376186289801e+00 -3.929979709175999286e-02
-8.260961833583868597e-01 -3.730639404883790422e-01
-9.894428794883131095e-01 -7.402832217161643413e-01
-6.962603352346806718e-01 -4.936858093054331542e-01
-7.059699257593939903e-01 3.856047113580721164e-01
-5.006692703218571516e-01 -2.090298732374622492e-01
6.446839757484349454e-01 8.768003327946360947e-01
-2.564937960273523387e+00 -4.045768620147346950e-01
-4.191556045513428197e-01 -1.675803420550416867e-01
-5.273976878871553531e-01 -1.720816012538341766e-01
3.774465928544584736e-01 -7.983913673061294736e-01
-1.983762082428885964e+00 -1.085017027102690212e+00
-9.800113266882114482e-01 -9.548111790031390544e-01
-2.263156063533488735e-02 8.266001373292035659e-01
9.389245557639978035e-01 8.741285594394794245e-01
-1.594054132677737434e-01 -1.330691657252158100e+00
1.000225941149604614e+00 3.891356933353960490e-01
-1.545174536147823297e+00 1.356451242648586408e+00
6.251809756765921433e-01 2.754692972623374869e-01
5.998812320143103172e-01 -9.096496599818819362e-02
9.755770015660133465e-01 -1.319021571270239702e-02
-2.444478066096197999e+00 -1.568130969059965185e+00
5.303866522187667965e-01 1.464868970305651219e+00
1.351628393264965533e+00 -7.847509294442148731e-01
-1.039412173313503995e+00 -1.992332209850565361e+00
-2.008551016728794103e+00 4.752691474510620795e-01
3.021346932416240638e-01 -1.866955110002960438e+00
-9.552521760107576254e-01 -3.064102232748643906e-01
-6.871764954171718509e-01 -7.744062433229997877e-01
1.507698944717241529e+00 2.158685208770596109e+00
8.330651590934550210e-01 1.699450417026870663e-01
7.470150991393292861e-02 -7.852240156657572245e-02
1.060308238213159449e+00 -5.974531282615653804e-01
-9.442702248547014676e-01 -3.337204812120268538e-01
1.024000468098809347e-01 -3.511667051031448494e-01
1.276942062490877383e+00 1.142548258344319168e+00
6.357364858002603758e-03 1.035761026164464804e-01
-1.833405203364462388e-01 -6.012567705773327886e-02
1.257777958695027731e+00 1.587584126351667124e-01
1.588601908149065212e+00 8.831209881205752676e-01
-6.969844589082997421e-01 9.387106741889484907e-01
9.650405342178081103e-01 8.421957444386717062e-02
-6.799947779182273777e-01 6.346000576314327901e-01
-1.211831121537121359e+00 -1.274205317673990923e+00
6.296780020435769482e-03 -1.300610819164068843e+00
6.897850861753067608e-01 -3.631819102874211391e-01
1.273814697266152818e+00 -3.954569210610375807e-01
-7.305326404365125592e-01 1.207768154333668104e-01
-6.283772824186838468e-01 -7.827711365989716841e-01
1.243361575770268290e+00 1.020077746031928578e+00
3.771567571885096615e-01 8.009436995737914122e-01
-2.149585011114466815e-01 -8.273331434673012463e-01
1.046286468122631375e+00 5.185556388496072311e-02
7.853168802805025051e-01 -5.034594373543146290e-02
-1.341091130028268852e+00 2.048720915281042831e+00
5.105466289087478016e-01 2.281419748723306107e+00
5.456674889764098202e-01 7.987768043515797167e-01
-2.281042098469331647e-01 1.927991403433570450e-01
2.524034740455806780e+00 1.268724165018090266e+00
1.550395821411137298e+00 -3.869986330442264921e-01
1.115895002420483895e+00 -7.294390249264468551e-01
1.200818417967250751e+00 -7.823448946370246959e-02
-9.574146566268439962e-01 6.115948552969271979e-02
-2.302095479556530044e+00 4.383881012467893967e-01
-4.136690588944065827e-01 -2.070221887645720127e+00
-7.596982387957892380e-01 -7.417044363563634057e-01
5.589124666309338574e-01 -6.486173593164995532e-01
-8.030217426997623420e-01 2.783815226973818668e-01
-4.604502148713807835e-02 5.367067329702494005e-01
6.517630439684651833e-02 6.127739967163582380e-01
-2.527024020063697307e-01 -2.024872527540242939e-01
-6.754985508201450939e-01 -2.391353119184581821e+00
-2.489581895415655666e+00 1.991913091009170911e-01
1.240349810533183383e+00 9.945667040587263807e-02
-1.451634558283107834e+00 2.534170204967618911e+00
-9.459961702738780565e-01 -2.310161114881926547e+00
-9.168161373788828727e-02 -6.721326385173236329e-01
-3.223224344181347956e-01 -2.085173238196440237e-01
-5.087555556235493631e-02 -7.776518130952566610e-01
-1.813880954404879065e+00 1.304905299018452647e+00
-1.983538181834745062e+00 1.852229455483784815e-01
4.415010910494348018e-01 -4.644117960103264497e-01
1.406335185711189428e-01 4.253928610091292639e-01
-1.336940061497968069e+00 9.301640263323005531e-01
-1.170634052198191499e+00 2.839139521651762865e-01
2.084895701015812841e-01 9.033389759132448571e-01
5.158238436959773354e-01 -9.717754742779115551e-01
-7.088636231914350327e-01 -2.057766712005352772e-01
-1.173954131787362298e+00 6.646017244439449412e-01
-6.558084980828714494e-01 -9.097540995903443672e-01
2.106766916171000370e-01 -2.873190524458686945e-01
1.471747997533663921e-01 5.076165146732629641e-01
-7.499111892225741594e-01 3.594881163800665025e-01
-9.047047902739904779e-02 -1.075121128760262001e+00
9.840064083506642190e-01 -5.844460113523244349e-01
-1.950346061930090941e-02 -6.354290607338796137e-01
-9.145360035154953549e-01 6.316257442886528961e-02
6.888000484537916135e-01 -3.316059609982386913e-01
1.248141104435454674e+00 -2.972951944887301107e-02
5.918397938520137957e-01 -3.907531173972214056e-01
5.541252935173318628e-01 -1.608422572262005579e+00
3.766985688985781122e-01 3.087615320267386165e-01
-1.321357496670917842e+00 1.683676111616666526e-01
1.674006089462995783e+00 1.025824290023111596e+00
-1.088758608912669734e+00 -2.912096800192631285e+00
-3.440774079429033683e-01 -1.192620914504367802e+00
6.154663528662405181e-01 -5.685291474745008955e-01
7.569138780433091844e-03 -3.920181337378075836e-01
7.801038041396715084e-01 1.116484427244980759e+00
4.394727629611857034e-01 -5.077922976379783959e-01
1.554108273920033756e-01 -2.656935169183844536e+00
8.493114498120544198e-01 -9.995147134741103612e-01
9.840645029189579729e-01 6.480744254037679175e-01
-2.566658643907965498e+00 -3.798809232588695184e-01
1.887370371520792622e-02 4.424915867006044556e-01
-1.537241838195067545e-01 7.367995693726294704e-01
-6.437878705111761690e-02 6.807865770228505031e-01
5.894513351937696877e-01 -1.569887483202083933e+00
7.991170961659145311e-01 -8.108463374436499782e-01
-2.114540110634864689e+00 -1.844092678384259054e+00
-8.935124204348456889e-01 -7.610786663176478672e-01
-2.662171910634067440e-01 -6.759193373832115270e-01
4.430743586309027204e-01 3.430319992800534012e-01
1.424726793534149827e-01 -5.688496500670142675e-01
1.369224511450155335e+00 -1.137691683421649114e-01
9.666868291345221964e-01 2.945795242203376463e-02
-8.595752818628253911e-01 -1.003897662831440663e+00
1.996654487082874796e-01 -1.040306935823482437e+00
1.335409669768794050e+00 -2.955998898109005513e+00
-1.316108341188179987e+00 1.746999925457505265e-01
9.372605584382605326e-02 -8.948895239665567436e-01
-1.251197016705379639e+00 -1.299503040358063188e+00
1.205089434694886830e+00 -2.778007478905286098e-01
3.094902256758795822e-01 5.743516765209109032e-01
-1.558989789051630659e+00 1.097690149775395252e+00
1.514441119738730634e+00 -1.253067595512654120e-01
6.807376988520736916e-01 -5.570901550827092041e-01
-1.375387516659490217e+00 -1.036640668811452670e+00
-4.849293834523178970e-01 -1.093645957933273127e+00
-1.507426056727532993e-01 1.847228774156202347e+00
1.214709488156269002e+00 -4.395541947906978497e-01
-1.611688320855260814e+00 4.672930876549303281e-01
-3.481560464793246878e-01 -5.351220351614227599e-01
4.846025485457554627e-01 -2.566829643774254155e+00
4.076714832599772631e-01 -1.040533918328681695e+00
8.738666960436510811e-01 -1.055518604221344470e+00
-9.562577364934474744e-01 -4.010747123255961055e-01
-1.598308714731813962e-01 -1.496581839310751061e+00
-2.956264636527892620e+00 -4.275334801041690835e-01
-2.810152141199846465e-01 -1.034476808477647891e+00
5.913505003744684574e-01 -2.059191652732228484e+00
2.639799649394164449e-01 -5.689202593948087250e-01
-6.394349001291989021e-01 1.172612498733934583e+00
-4.652182582057684535e-01 9.238416144707681799e-01
6.216149804588518846e-01 1.506800695211677477e+00
1.814714303479112445e-01 1.651789377888925048e-01
1.154533893135796685e+00 1.170790939517084350e+00
-2.361202661794306934e+00 2.016420207357133010e-01
-4.082680163158403097e-02 -1.971223871158795105e-01
7.308158073725791182e-01 -2.608508229875179940e-01
2.651791957000889433e+00 2.401554185157811716e+00
-2.233481882212144498e+00 -4.624941279327315913e-01
1.983793599524095730e-01 1.069196563228234975e+00
-3.226031049072370926e-01 4.904287432817513448e-01
-9.810926962040643629e-01 -4.303272880342797202e-01
1.000090136688526199e+00 -6.895692288850353568e-01
-3.259527010759218912e-01 -4.032473279644304687e-01
4.071889589203223081e-01 1.010391528471827616e-01
-3.179382136047928520e-01 2.481449282845832605e-01
5.276106774156518603e-02 1.242119510106673763e+00
2.609411549578508627e+00 -1.892273394838539236e-01
1.270112079872293798e+00 -9.941772301052537175e-02
1.640832921090130680e-01 3.934740246655968332e-02
3.213811523106774315e-01 -5.281009763271542479e-01
-5.976192893228002845e-01 7.480573814183133496e-01
-9.004197110891840605e-01 -1.835384916869436056e+00
-2.419693908308775676e-01 -4.083539369285623111e-01
-1.925493023258272318e-01 -1.192962317518339921e+00
-2.656610966285692932e-01 3.280548479530202149e-02
-6.367622048852993322e-01 -5.551251224646074345e-01
9.148404442709431317e-01 2.960724883699025756e-01
1.213558852266926058e-01 -4.631552829829424511e-02
7.310582352735288669e-01 -2.561647741079280949e-01
2.034250342457617045e+00 9.585358154826477683e-01
1.576513354810437528e+00 2.030872532125254856e-02
-2.175703537322320802e+00 1.184589158594769875e+00
1.025318619970808226e-01 -7.145446246234388177e-01
-7.477401634504929340e-02 -7.597438948338665066e-01
1.801225783524764146e-01 -1.298024362781551755e+00
-7.091953527373379140e-01 1.352432050944214703e+00
-6.496673319555162918e-01 4.486609246928431882e-01
-1.978055249318141640e-01 -4.993537788492463103e-01
-3.866404102068528581e-01 6.316134822166337148e-01
-9.818024307158426112e-01 -1.798047253031738624e+00
1.684093817117795711e+00 9.116691697380512327e-01
-2.274502255763116487e+00 1.406961206392741692e+00
5.324601046449729536e-01 6.434579442058548093e-02
5.552831212550415341e-01 1.564982801535247603e+00
6.649275882982134123e-01 1.873324569992741218e+00
1.064896624683840942e-01 8.195754180862052651e-01
-3.085842269538746407e+00 -9.625071370814399785e-01
3.674243798966834174e-01 -1.080457454216144475e+00
5.684870995656230441e-01 -1.061429493271115243e+00
-1.498995430817430252e-01 -1.291047233666755778e+00
-1.133087281920043488e+00 -8.637039068070195835e-01
-5.763714354591958217e-02 -1.849311852477436569e+00
1.900590547991676260e+00 5.392678315167237502e-01
5.213496465534207536e-01 6.482118050137171128e-01
-4.700960566279650532e-01 -2.509640791146584005e-01
7.214405249446420587e-01 1.881641402876005342e-01
5.483780651394961625e-01 6.748200915077489093e-01
-4.798569312205199777e-01 -3.290876673226729165e-01
-1.200066397815171326e+00 1.823060809771207547e-01
1.216618308950986771e+00 1.690700093623773270e+00
-7.059789442980120011e-01 -2.859707014080595244e-01
-9.842364537055841023e-01 -1.265890993741207282e+00
-7.612825316435525291e-01 -1.027646965515818661e-01
-4.605643814510387152e-02 1.135194175408742900e+00
2.056002857277041129e-01 5.559418319219423532e-01
-3.369009989797867033e-01 -4.939217490532723520e-01
1.381113789522351087e+00 -5.459241711837714561e-01
3.642953782321112777e-01 9.577018764333062872e-01
-1.356227608866606982e+00 1.600994184699268130e+00
2.060417186793251643e-01 -8.080970026395749573e-01
-3.836884279340770365e-01 1.144342793227068888e+00
9.380899952880831227e-01 1.110625546441375011e+00
6.091109782858251664e-01 6.492360972072852565e-01
1.242621651935832960e-01 9.665578467682248709e-01
-4.564228527397584112e-01 -7.323719576139758880e-01
-6.182823143379893027e-01 1.142203375264150722e+00
-6.634327350482562002e-02 8.038915571614031752e-02
-1.451577479675789872e+00 -1.142868975602176485e-01
1.260351153033336002e+00 1.285230666696263735e-01
7.639826548354106128e-01 -1.679658055119152227e+00
-1.167080000702214598e-01 -1.097956466795655924e-03
-1.543973236371415647e-01 6.169978480497547574e-02
4.556747440747125344e-01 1.010207093957584901e+00
-4.619810186704002009e-01 8.769853248615389063e-01
2.143808511584604393e+00 6.055815688154562171e-01
-8.077275495251423632e-01 1.049570692738290401e+00
-9.325851620807522613e-01 -8.245080539920554008e-01
1.041278476057886593e+00 -7.055805890800058433e-02
2.109234042535672149e+00 1.242343974218539149e+00
2.563803448189732603e-01 -5.144773878650309440e-01
-2.197289083631364659e-01 1.344850221038096816e+00
2.127558768548381829e-01 -2.114804298267950189e-01
4.916930619683200776e-01 6.932974437953623448e-02
2.249619142122336601e+00 -4.249930859287005536e-01
6.579211399863887921e-01 -5.497812326525923776e-01
-8.838424874391562769e-01 -9.843436811458464719e-01
-1.517731353976129738e-01 -1.658117766990446995e+00
2.547072618819481993e-01 -1.299200573713732210e+00
4.566908197219483601e-01 1.318207508505348180e+00
-6.308253104601478922e-01 1.408842553702303935e+00
-7.696506682607280603e-02 5.226753925615273966e-01
4.364948044544960659e-01 3.575025582787069722e-01
1.338806391327974188e+00 1.617518389986299487e+00
9.272874619858479939e-01 6.888500834382204063e-01
-5.861594133107346227e-01 -1.105178941206133914e+00
8.290579485926943826e-03 7.125918767946358597e-03
5.552724093029115515e-01 1.260991877453443155e-01
-1.784823021743807248e+00 -3.277440351622228354e-01
-1.396333757671593290e+00 -6.439507426880146657e-01
-1.715972283920800923e+00 -9.609222161636964410e-01
-6.382651342203214950e-01 7.561044346514693704e-01
-1.210107830300410470e+00 -3.941763041925827049e-01
-4.031606399960281917e-01 3.189308135781829256e-01
-2.419135879743707473e+00 1.216419397234430377e+00
-1.905551413502184710e+00 -8.256474802069050378e-01
2.189696260567152386e+00 1.240422997455227883e+00
1.029540891202980868e+00 -1.347951458706253769e+00
1.626753502509329374e+00 1.146420037160330141e+00
1.081864770200564152e+00 6.028558709516264047e-01
5.947303346902775845e-01 7.878021076579881932e-01
1.170742960105375818e+00 1.118414956445640707e+00
-2.465082080288282240e-01 -1.143944181222976253e+00
-1.471208648951306763e+00 -7.343690058911923613e-01
-6.901329034244488847e-01 3.328939295419061084e-01
-1.868849361454591115e-02 -1.364331885090747987e+00
-2.803313390438644803e-01 3.953475364380676371e-01
6.309159940897461627e-02 7.337800554186560964e-01
-6.091341812915139764e-01 1.737217599067471419e+00
-1.996400070052674058e+00 1.790036405320902801e+00
-5.614357953123052525e-01 1.609479692926350181e+00
1.702944982813373587e-01 1.803566757127189613e-01
-1.307650247045403891e+00 -5.224671841931018967e-01
7.647501393608882037e-01 -2.855744935602108070e-01
-1.234288173266304411e-01 3.524934733450867802e-02
-3.178548671157330197e-01 8.392860407411258938e-01
-9.220827488816841777e-01 -6.030906552254526876e-01
-2.844499342942953812e-01 5.278693297727469202e-01
1.150831175502489812e+00 -9.725604782089115607e-01
5.615341913434905852e-01 1.652677255847204707e-01
1.211564735033730411e+00 7.529608487565161434e-01
-1.541009546287574583e+00 1.231674492547382149e+00
1.800023154613959120e+00 5.245347892298106718e-01
1.269526883941328066e+00 4.123768735596591295e-01
-1.975595534425185207e-01 -2.937239682887802239e-01
1.959032100217697192e-01 -6.405728979730276884e-02
-3.671626818456119601e-01 7.932721597093150834e-01
8.905128755374539518e-01 -2.249504458396442419e-01
-2.013920528115438646e+00 -1.885339976221279468e+00
-8.488421883227530440e-01 -1.408261446999536259e+00
1.164511259035359902e+00 1.530337251197578241e-01
-9.449402690055522802e-01 9.191239270755738322e-02
8.096274374496071902e-01 4.774603060577267133e-01
-3.509291232010693928e-01 -6.361244742313884037e-01
