-9.470210086115942172e-01 1.330300823164982660e-01
-7.934581546606622737e-01 8.580898129476939307e-01
-2.322247379692593539e-01 6.676387692348131342e-01
-2.253582526915539619e-01 -1.420072668705785857e+00
-6.197881460913589047e-01 -1.759342907963170333e-01
-6.070770947524455341e-01 -1.825882456254450392e-01
-7.029408040132156810e-01 1.204035829378149680e+00
1.514516254569059361e-01 5.488446277186882494e-01
4.415453900092251582e-01 -8.314315615419894945e-01
-7.590695732636776327e-02 -1.299692888053254232e-02
5.618400082030852172e-01 -4.906652292881246713e-01
7.870662765093814350e-01 -5.705575256520407645e-01
-1.650558623510870015e+00 4.354865759494236897e-03
4.629496885823648489e-01 -2.487473949886406521e-01
2.282286726013581790e-01 -2.161256411817738254e-01
1.445578367127755559e-01 1.412579388956896886e-01
-7.898916804133687686e-02 3.604759208119188291e-02
1.241002615497755368e+00 8.064856048980344472e-01
-2.451754012880545397e-01 -3.283164542598663860e-01
-4.605950276327302473e-01 -8.291783337398628273e-01
-9.308728488421926794e-01 -6.926109250203120737e-01
5.421170010905180803e-01 -5.570266756527688656e-01
8.827534931174103594e-01 -1.000485176749194016e+00
1.439006026675909489e+00 1.193173804448533604e+00
7.245886956738663010e-01 -2.883372315391335983e-01
3.736143852888684225e-01 1.240509006077370913e+00
-1.029477689436720134e+00 2.204359792771827253e-01
1.080056150916703928e+00 5.876638743658053610e-01
2.235721216648094423e-01 -2.344827908983472264e-01
9.669721923874774472e-01 6.847532938183082951e-01
-7.719104099044295404e-03 4.339277667779743997e-01
-1.424929101178079138e+00 -6.689882451480561043e-01
-7.278586152519178620e-01 -5.286266990979492791e-02
1.493254398207952027e+00 9.410860327204896292e-01
-1.719625665282065619e+00 6.760733109325365309e-01
-7.398783810911994108e-01 9.478621212948085129e-01
2.474723181360587720e-01 3.573035775415571158e-01
-2.753694680789695037e-01 -1.282723284118251428e+00
5.361834291469217417e-01 2.613622735463990709e-01
3.896839513716667258e-01 7.963639043094364878e-01
7.943600777206760721e-01 6.487598633919050561e-01
1.584880330898386369e-01 -3.529762483187797173e-01
1.237115415360409143e+00 -8.457193139182606068e-01
-5.495289737608854974e-01 8.834021300270443744e-01
-1.109678296683507259e+00 -5.457904335836801790e-01
7.647005195932991828e-02 -9.207180431181175018e-02
-2.787615667788613250e-01 1.924428401715880532e-01
-1.022802939043166770e+00 -1.765794827628377472e+00
-8.027227072412568276e-01 2.789823748058983810e-01
-1.131647449082662016e+00 1.176840139169541777e+00
-9.366237987650621877e-01 1.854506336889052198e+00
-9.620211581996123140e-01 -9.584485472230110104e-02
-2.115478833743145715e-01 -8.321496086540774995e-01
1.075195964382495317e+00 -1.101822617304865970e+00
-1.789944972038929050e-01 -1.365863527793570675e+00
1.796851651256391735e-01 3.141678144305024012e-01
-5.758889314242935514e-02 1.535689372809537545e+00
-4.294479555452313524e-01 9.294593512572840721e-02
3.332898199089793789e-01 2.184005536528272062e-01
-4.262694161946957716e-01 6.795815314328741419e-01
-2.172358146518951205e-01 1.354292167024398141e+00
-1.032651930962761533e+00 7.302508662561870700e-01
-2.167137259562845752e-01 7.353555427502560526e-01
8.131759061172950664e-01 1.636664121040661835e-01
-3.441660913934772026e-01 1.645580430215385082e-01
-1.566424660806820413e+00 -4.862449528207261062e-01
1.018441439072389904e-01 5.432653931872060138e-01
-1.057325780593809217e+00 -8.649022455602323189e-01
3.151278676030970505e-02 2.276927540561014263e-01
-3.524278937929625211e-01 -9.586358954595998183e-01
8.957020170484195631e-01 -3.320917340708749443e-01
1.170128018169580786e+00 -6.637710357104484871e-01
-7.298125310089705886e-01 -5.261465986881157519e-01
-2.920230105009221644e-01 -1.568464537662963565e+00
9.113689589367298671e-01 6.382730220523137599e-02
-1.026879591820727827e-01 6.041203161225726648e-01
1.751234177410938564e+00 -5.874400749758360574e-01
-6.253654094529721430e-01 1.240332052113548578e+00
1.096190704681826000e+00 4.926981780913395337e-01
5.720184797970182533e-01 -4.927199207771929684e-02
-3.456925007087172652e-01 -6.073214818478392951e-01
9.102326535881865022e-01 -1.455407791341550572e-01
-1.754939503974834114e+00 -1.009696106947447269e+00
3.881128812099911007e-01 -8.215147955772816868e-01
3.716207888277624494e-01 -1.145919602034491058e+00
6.038196250352189098e-01 -2.803162439722128862e-01
-8.460206288272656971e-01 1.176077463542785084e+00
-1.536799815511051159e+00 5.657526914289945363e-01
-8.065824863615180806e-01 8.809283353187381538e-01
-7.473467460947240681e-01 1.624139531125732061e+00
-5.641604119554406438e-01 -1.302326776285264387e+00
-1.475200214388151299e+00 8.138066175281435943e-02
-7.203921930351864233e-01 -5.749657536786611373e-02
8.348636013656312027e-01 1.277955674829957533e-01
-2.795471258177703588e-01 7.925326274329312637e-03
-3.257229335528156744e-01 1.694371810055948169e+00
-2.332338214133992393e-01 9.041761921712787586e-01
-9.351940209093141665e-03 -2.991666954985156002e-01
-4.684413604035475576e-01 -1.140922037346389750e+00
1.349242013436477428e-01 -2.886480014581153941e-02
-1.793215851756407297e-01 2.335478837939203040e-03
2.027113814987578644e-01 1.168124328877499840e+00
-4.259459826271289606e-01 1.875943695026845992e-01
1.088840149159984616e+00 9.333886747132033035e-01
-5.894909033037460944e-01 1.867602557816869790e-01
-5.158589169533059904e-01 -4.028673110693858361e-01
5.101490597034530339e-01 -6.300641248174082554e-01
5.380852842601056008e-01 -6.263847877573318623e-01
-1.292494901047595290e-01 -6.120533653769614224e-01
1.060518602945931671e-01 -3.570637158927464916e-01
4.627628790171891549e-01 -7.003058047166570432e-01
-2.328023020125307707e-01 -1.258621900285369355e+00
-6.825093397835413356e-01 -1.067383958796172427e+00
-1.137760201204532251e+00 7.434875322565542843e-01
-1.445322000684585051e+00 -1.022306149890920057e+00
-1.575186792047039985e-01 1.708192191547792671e-01
-8.395673915111077079e-01 -7.388236912055347050e-01
-2.459194729310123506e-01 -2.163199999644942473e+00
-8.354818974096125395e-01 1.924954309305251687e+00
-1.560134910039174150e+00 -4.747166165608743271e-01
-1.150915473640712477e-01 3.078843508733033474e-01
-5.694387473351451012e-01 -1.168261815615815602e-01
-3.810622629982461929e-01 9.773815994520361761e-01
-5.335602181594969462e-01 7.736108793190537014e-01
9.381352444042075911e-01 -1.284574452627197605e+00
1.610704070822653433e+00 -7.109100483553898453e-01
8.576589398038182432e-01 2.474311620677756007e-01
-3.760761830248341986e-01 -2.819649841050718697e-01
4.988343184433282618e-01 4.623504360274275360e-01
3.141593515080580434e-02 -1.273739132294163134e+00
4.630995674139533336e-02 2.263647194346031510e-01
-1.470276270458161116e+00 -4.566473866870454090e-01
-8.781353471829960178e-01 -6.173279835918279446e-01
1.851260273501561748e+00 8.589926382525606696e-01
-8.577405519278358259e-01 -1.454968065500555463e+00
-4.895658674381737629e-01 -1.161602231251847694e+00
2.774756435338356919e-01 5.275196003803374056e-01
2.783319280803062679e-01 -1.214274663109083663e-01
-1.176179489889002394e-02 1.248411262246701847e+00
2.231444467949050825e-01 1.198985363651767916e-01
4.071992869843524820e-01 6.579618336738171092e-01
5.471013117152878635e-01 2.309637767354375260e-01
2.816186926458226214e-01 1.330332089669127749e+00
9.925063122588577702e-01 -9.399400410067628719e-01
2.219135715088416116e+00 -1.080418800613836661e+00
5.677895555060245014e-01 -1.491473824985805052e+00
7.556725741543364183e-01 -9.472277636343319207e-01
5.807004530415014187e-01 -1.990981607866757930e+00
-1.483067852048365776e+00 2.309313633959782841e+00
7.382996149141722864e-01 1.823640250139391572e+00
1.260742018485557558e+00 -5.828689333218341900e-02
-1.542219915282047715e+00 -1.855674045825520535e+00
-1.183412605271020324e+00 -2.258338156350442674e-02
-1.223321676473483555e+00 3.968639935919493489e-01
5.846276149248805787e-01 4.096617745222786433e-01
-5.119120505626807427e-01 6.060093282155972622e-02
-1.410010663255355068e+00 -1.268225930661687206e+00
1.396844370213287112e-01 1.131588540171127200e+00
3.655720050305008573e-02 1.842309447442090978e-02
8.748237368296344352e-01 -6.691317679918244998e-01
-1.822859188135344810e-01 1.960953056231365954e-01
-9.418444511788771900e-02 1.699558199338103981e-01
5.021534493557235079e-02 1.420541733625586001e-01
-7.114466365497214007e-01 1.450993359024508988e+00
-1.110329245922558217e+00 8.469701663049434837e-01
-1.028015049414675808e+00 7.438216274193980571e-01
8.923746877190592841e-02 -1.070536585604319191e+00
8.565470444981510001e-01 1.387097338057066975e-01
1.875929263858035823e+00 5.620049192103597768e-01
1.436551380367509179e+00 2.505262137083634835e-02
-6.551315289372401374e-01 2.217522803486717820e-01
-2.123667573227324412e-01 1.091670062141342878e+00
7.386299474174402580e-01 -8.090086451899656250e-01
-6.102560871584766788e-01 7.164889374569962666e-01
2.365621096906375787e+00 3.103983218466885297e-01
-4.911259415291253649e-01 -6.663483676634723851e-01
-5.045885391740801973e-01 -1.195154540883609284e+00
1.202932957332393693e+00 -1.551759688085829758e+00
1.440580836712625490e-01 -1.193799109825204541e+00
-4.091472494280202349e-03 3.163493354295627280e-01
4.340075183593343766e-01 8.349883845289729489e-02
4.869255675380399495e-01 -1.445188758184863698e+00
1.039081106378666464e+00 2.321446853025940782e-01
5.504973994713189267e-01 -3.513062536369447597e-02
-5.434623456355016646e-01 4.307410086589140152e-01
-8.278080182453579905e-01 -1.149694352660722396e+00
1.191269606401230030e+00 3.133163797399269312e-01
1.094815477386709368e+00 -1.674008198914323231e-01
6.087102496904416293e-01 1.181606360020934554e+00
8.418252570246873567e-01 -3.256932891362894766e-01
3.913551772868831824e-01 -3.387254573692032866e-01
-3.498089224666818819e-01 2.801614425089042348e-01
6.951551223888050579e-01 -8.305018671834949601e-03
3.804311098339174108e-02 4.802898797685876964e-02
-3.062609736651306092e-01 1.078805040169712459e+00
-2.794100449322929336e-01 3.574621737432603918e-01
-1.525441895578896423e+00 -9.422587666036749687e-02
-4.787649115646663289e-01 4.751247465880805154e-01
1.269758809588332760e+00 4.086744418563287295e-01
-6.218107383390649723e-01 -3.201694472663264568e-01
-2.093948974246362837e+00 -7.534853506648062638e-01
1.471230808557451475e+00 -8.181595579311160549e-01
-1.686145067855937540e+00 5.186392896368934302e-01
5.683823867646470296e-01 -5.080011278241631789e-01
-5.845053714292566260e-01 -1.342388806126219025e+00
5.939123274793197682e-01 1.201359268751353904e+00
-8.142612668154317612e-01 -4.698089870338051921e-01
5.648303710615923956e-01 -2.102877635442101933e-01
-7.890971697121289263e-02 4.975372018330654345e-01
1.843982447881619413e-01 1.073413687100097214e+00
-1.400981696406872867e+00 -9.533032021780716292e-01
6.745185196458142185e-02 1.527924247327361984e+00
1.479416086053098711e+00 -4.166324757579495386e-01
4.561343485724266844e-01 -2.865982849499446039e-01
-3.773228061388230192e-01 1.200036998568317775e-01
3.317032012962826126e-01 5.552221079703880680e-01
1.055224046826522155e+00 3.369232733543334746e-01
-2.087346536305277611e-01 -3.850598282913740844e-01
-1.980499150299197819e-01 -1.960427163155836483e-01
1.258736154560333165e-01 -4.362794120176277102e-01
1.858273882099877872e-01 -4.068960948776663145e-01
-4.772291216211038689e-01 3.118389467008920168e-01
-4.342466900345209324e-01 1.381498965520791211e+00
3.440631342321703312e-01 8.083365057735136805e-01
5.720484356640976875e-01 -6.217700061944578804e-01
-1.631133036327406249e-01 -5.508804888413745271e-01
-1.142639998021702658e-01 7.146669265026026618e-01
2.724776942964125537e-01 -1.126478580364522530e+00
-1.005610572898292011e-02 -7.599737850438216258e-01
5.803801109068631447e-01 -5.507117184038748947e-01
5.955530729568648818e-01 1.035132932785847393e+00
1.056994325551420810e-01 -1.283766415398589766e-01
-3.261547692093046957e-01 -1.263088994608398963e+00
-5.553255799453064856e-02 3.613322353752736471e-01
-2.510070628289577943e-01 -3.007197794047814302e-02
-1.550633829393038843e-01 -9.612411202683880385e-01
-1.276404797346410982e-03 -9.467332115354863964e-01
-9.437508790423787541e-01 -8.994636074878940013e-01
5.475267313833904748e-01 1.426522334543806947e+00
8.742310786601461547e-01 4.552529432679653931e-01
-1.654426420086941185e+00 4.285985856071762301e-01
6.088362175920141173e-01 1.872460807921103365e+00
5.298677237886247754e-02 7.457834852926441549e-01
2.654000528702079031e-01 -5.777714359059934468e-01
-6.850017852181403688e-01 1.415123437628667546e-01
-5.537225017370643876e-01 -6.601541220066546867e-01
9.885477265900747268e-01 1.094683762375762565e-01
-2.189067592284370950e-02 -3.715131054029901514e-01
-5.948285723304961303e-01 1.151243515890659097e+00
-1.761199738904386747e+00 5.324292691247886067e-01
-2.907236862049493165e-01 1.320811316506882660e+00
5.862927989091842873e-01 -5.313729438209957578e-01
-8.082850456323380506e-01 1.383865753090335327e+00
1.120787280131096519e+00 6.569009076718052009e-01
-5.141785697891196882e-01 -4.716598257132694205e-01
-9.540035700968595433e-01 -1.431787660696601350e+00
-3.842886070848821611e-01 1.418208545843637758e+00
-1.086289038654972616e+00 -5.179514507717674077e-01
-5.151046083338531867e-01 -9.429765585032036102e-01
1.181024382395720274e+00 -6.442104749139043740e-01
2.787868616685691414e-01 -8.401594270983696322e-02
1.394548677402803527e+00 -1.504159148622735254e+00
-2.647720741660733457e-01 1.364260874293236059e+00
-2.858074436607930813e-01 4.544823930117438543e-02
3.102377539612014706e-02 3.626188601097861119e-01
3.206050715630667236e-01 7.255347422454802020e-01
-5.546318218235101183e-01 -4.004440960729450105e-01
-6.316608887774347592e-01 -8.793728505840063825e-01
-1.043099350208345433e+00 -5.148079404579665175e-01
1.110098259706480128e+00 7.539568140619591352e-01
-5.909114619192919887e-02 -3.947119108259308784e-01
-5.172658692406605363e-01 5.993198271433257673e-01
1.157962012347136138e+00 6.973368784032064616e-01
-3.272805772146386571e-01 1.287655620760409070e+00
-2.732485259131318123e-01 8.310395470155691466e-01
3.201325026266859108e-01 -1.518825535372865687e+00
-1.458359355051711326e+00 1.211130129068093808e+00
3.355920651990115244e-01 -3.477141421749071482e-01
-7.078228462058947512e-01 2.979867379407274974e-01
-7.505153189406792436e-01 9.895358801236191493e-01
-6.649697058557790807e-02 3.396016051163192606e-01
9.288334594911237252e-01 6.341276645334098516e-01
1.440541221681706174e+00 -2.175051637604819288e-01
-2.511198498955291014e-01 -4.504871258951350654e-01
3.523282771351269882e-01 3.501937526692944225e-01
3.175537825393416891e-01 -2.347762275367447360e-01
-1.583596734249599347e-01 -1.345319432909784396e+00
-6.335532266417266412e-01 -4.543745725219346943e-01
-1.698249575684108170e-01 4.128932207550766731e-01
-4.292461329431675465e-01 -9.855390314765223592e-02
-7.219430550162438953e-01 1.068550244371620217e-01
8.496329151312822514e-01 -5.295305067290027035e-01
5.906662767029788874e-01 1.285684498249149321e+00
4.414171615668603943e-01 2.048489003652511187e+00
3.824559165781055148e-01 -7.659079257473015989e-01
5.329969045687963508e-02 -7.325674709938174711e-01
2.073327475497505901e-01 1.068340198708416677e+00
1.558141854847028274e+00 5.615580194622363797e-01
-6.192247504826543097e-02 -7.878182315148226644e-01
2.043062383929886427e-01 1.682529125492111755e+00
7.862769645078033776e-01 -1.238948739628116913e+00
2.015737643223101117e+00 9.834496998113054222e-02
-8.649481369518106089e-01 -6.094961579371338534e-01
7.184591021605835071e-01 7.841938884376115082e-01
1.003355577518787678e+00 -6.858276415052785291e-01
2.427456505830077327e-01 -3.370479051684175387e-01
-1.433780411855519299e+00 5.842336771083316178e-03
2.545814872807101170e-01 6.947236424063415461e-01
1.095555943435035484e+00 -4.718374379885412195e-02
2.182403047193779699e-01 4.141409889525919930e-01
-3.688714038284278129e-01 -2.634925208268657504e-01
-1.585720583588494881e+00 -3.730428423553397987e-01
6.341652004072581561e-02 1.435497057257753006e-01
1.369191012713636413e-01 4.592459081601565352e-01
3.046303761707370161e-01 -1.394306265644378984e+00
1.061068298173405200e+00 -1.675056002899699026e+00
-4.578495639981747800e-01 3.337006203803156712e-01
-4.009026105314035804e-01 6.420691758079550837e-01
-7.378065742877429889e-01 1.230553614965777198e+00
-1.267398171562268139e-01 -5.580205710537687880e-01
-9.160531872068808923e-01 1.601051963519088517e+00
8.080576502198888456e-01 -4.102190499302509896e-01
5.740589805006797164e-01 -7.502791292612995822e-01
3.896914369026205360e-01 7.562462068725837039e-01
2.612978790138768548e-01 6.098933822415802952e-01
-4.443276278417057634e-01 1.548666299098998334e+00
9.604709794508937692e-01 4.583695305094775407e-01
7.588251801824941190e-01 -1.036482629936729266e-01
2.779135590565880998e-01 6.004032311793039423e-01
3.655793388629038354e-01 2.123367329105899648e-01
-5.682595253473197161e-01 9.170615590585329269e-01
-1.190673569940303045e+00 7.306336154676095207e-01
5.047413561235888357e-01 -1.517552257873005850e+00
4.741239690233384763e-01 5.224238082525253235e-01
1.867682619454028026e-02 -6.640916797505505009e-01
1.365699016590936399e+00 -1.190610163164482538e+00
-4.720218558376962359e-01 1.035191775410640558e+00
5.824427268210115027e-01 1.960777195336309286e-01
3.706246042472389202e-01 7.557967215712405595e-01
-1.325687824833668982e+00 1.580477732998754270e+00
-1.089635253158645734e+00 -1.225185610828407601e+00
-8.231084198705899135e-01 2.662890598460002645e-01
2.524934288950432815e-01 8.513175963620556175e-01
-1.757571576417978898e+00 4.947156705282922950e-01
-8.685409323736022202e-02 -4.187871010450510689e-01
6.396017253509225231e-01 2.239710060637310207e-01
-7.633528556735289516e-01 -2.174770923499136921e-01
-1.201546467203896462e+00 -7.533318408284315204e-01
1.113177544295576693e+00 1.410841846052658388e+00
-8.101570410496324870e-01 -1.194066892563684784e-01
7.847072960997432123e-01 -9.917397346013746562e-01
2.309930813403320016e-01 -5.974613930426331265e-01
-9.011974130811449823e-01 -1.038533015709781404e+00
-9.452958948221336088e-01 -3.801411150256225335e-01
7.787320191796570645e-01 -1.014295905414296817e+00
-8.687005401363637191e-02 -5.659359329983466580e-01
5.377675874935102796e-01 1.104520542287150242e+00
-7.453423959868424320e-02 -1.796169232569402030e-01
1.324714408204042515e+00 -1.436530845237215859e+00
4.746903678687688921e-01 7.373527856175475792e-01
2.114917512749936723e-01 -2.736022094642096558e-01
-2.533304543835582928e-02 1.002711396802313665e-01
1.681145607445708179e-01 1.046474360232829914e+00
-1.912000360702593993e-01 4.371657809489974400e-01
1.125487127476637594e+00 -6.646258619845678561e-01
-3.726733613300863834e-01 4.287446209103541461e-01
4.937066516297273777e-01 -2.450147432269488834e-01
-3.826638203815793671e-01 -1.438278103174148059e+00
1.221864882569991595e+00 -5.802711990124040931e-01
-4.712676388506780167e-01 8.653519737576471915e-02
6.338557803560329607e-01 -8.259320326852812033e-02
-2.733461891314881709e-01 6.148230246774212260e-01
1.147352059910993899e-01 1.129806649007742525e+00
-1.787482549829127132e+00 5.060613722874693909e-01
1.671014226276308356e-01 -3.114250711824385620e-01
5.666369498669757698e-01 3.669434617841393909e-01
2.648921697824191956e-01 9.697766352426090419e-01
-3.769831277543168602e-01 8.090551348530328202e-01
5.385871291507763337e-01 3.558638506471968332e-01
1.190590666812914034e+00 1.176917444289401898e-01
-5.061456952172187912e-02 1.693403622675687115e-01
-1.201650780567530719e+00 -3.390504740418141538e-01
1.163951335440264856e+00 -7.095590399149648286e-01
-1.051492468116667300e+00 -1.119186100696490493e+00
-4.942970703888101558e-01 3.464234865230460536e-01
-1.049503732992204119e+00 -1.594053044360078886e+00
1.883767020692299621e-01 -1.949481885384596602e-01
-4.559735433563155138e-01 -4.241985323354658943e-01
-4.806961719701937641e-01 -6.860244827223244135e-01
-7.712303167264147885e-02 1.771543022821138111e-02
-2.831823223178687177e-01 -1.429730971003694284e+00
1.104292081540226844e-01 -5.633656257847107218e-01
-4.967484256316128666e-01 1.913612642140798681e-01
-5.501724021265379516e-01 -5.872070037736669690e-01
6.427807035083988874e-01 -1.341582690492922003e+00
7.389825756023213899e-01 -1.863691856610004971e-01
6.653952642624713087e-01 -3.072624138020392248e-01
1.302279608874850503e+00 4.690669630178296856e-01
2.658012763914903154e-01 2.902511341059167971e-01
-3.382554744073690278e-01 3.010752017554766402e-01
-2.622018443895539619e-01 -5.287858406918282128e-01
4.162819006112789544e-01 -1.188054236296207433e+00
-6.230300125441471382e-01 3.927114166417924324e-01
-2.761639634837141991e-02 -1.113295172513439013e+00
-5.322612319572267436e-01 3.255093329295429272e-01
-3.379890998576962069e-01 1.402468636568501292e+00
2.623736841898759997e-01 1.050250880914141094e+00
3.629889448410923425e-01 8.264959341153448324e-01
9.573391676073386702e-02 1.150861088934086895e+00
1.428259513627069932e+00 -2.385757321902279016e-01
-9.504254084039558403e-01 3.842869579012537784e-01
-1.083847701945020781e+00 2.141744144381501139e-02
2.341166748957322352e-01 -6.924826807818988961e-01
7.489414074715816660e-01 8.952070973048454894e-01
1.457558821895354129e+00 2.292980745024024436e-01
5.862548168110061075e-01 3.284840903922668920e-01
-7.678936979660565543e-01 -1.741698569705800725e-01
1.097045291371004927e+00 1.196212644984813833e+00
-5.429916527510656454e-01 -1.398527087446018502e+00
-1.362494851896435932e+00 7.353833398499852736e-01
5.929724583273161542e-01 6.055882839747108726e-01
8.223018644281861189e-02 1.534669787105434335e-01
1.415505360751663222e+00 -5.094332628311292188e-01
-2.394873195451614582e-03 9.511365572300406468e-01
4.400325849048486448e-01 4.660079377692141062e-02
-4.704161465094128802e-01 1.778419160679493460e+00
-9.621194592246481436e-01 -1.782110548644542547e+00
-9.359647020509126447e-01 1.575290209684223619e+00
-1.967695771489043732e+00 -5.327707137850945518e-01
5.153680413711234087e-02 2.073972624935163545e+00
-5.942337824802658153e-01 1.059413130590241142e-01
1.053356248479397628e-01 1.621206766745333094e-01
-8.663420945868440803e-01 3.831724225711732879e-01
-7.021620874101542897e-01 -9.282780874082834088e-02
-4.069729668684289314e-01 5.859387251228924676e-01
1.074162601986716314e+00 4.014399251239304522e-01
-3.521886266660337883e-01 6.653891443731335675e-01
-4.291363975954097798e-01 1.977478249415524358e-01
1.368628945293251867e-02 -6.137125828633974711e-01
8.967209423150076519e-01 1.686729082236858579e-01
-1.634524856586766717e+00 1.746898236557250794e-01
-6.186065101798876587e-01 1.353313070279014707e-01
-1.879922096242112595e+00 1.113088089368922562e+00
8.181771383239033746e-01 -1.000500100346947807e+00
6.021566251327686164e-02 4.576206576502435119e-01
4.357134937287120841e-02 1.292461325318772447e+00
-6.808846328579768459e-01 4.860302574962727974e-03
5.821373503229618773e-01 6.611465691189811755e-01
-6.163136505717380365e-01 -7.784683005309632753e-01
4.432664655407669851e-01 -1.399783991334003330e+00
-2.414116093108090166e-01 2.240956049524506777e-01
-1.884495671219988677e-01 -1.407685967237373825e+00
2.572134200000450802e-02 -6.639015304459845723e-02
1.763589334181469459e+00 -1.792489102549080504e-01
-3.689616827408339073e-01 2.779249060818770323e-01
3.173724464360282438e-01 -9.860305923345692447e-01
-1.130494011934468218e-01 1.388489764004728455e+00
4.199395832637525805e-01 -9.660552540449585113e-01
-4.563868895848647300e-01 -1.599994079412861148e-01
-1.449015343816558669e-03 -1.433588444798520101e+00
6.196676545570951183e-02 1.218127523336790530e+00
-1.036153768186438118e+00 -6.899598080612272255e-02
-1.994156667505893876e-01 -5.953572346616849975e-01
-3.751595916833225242e-01 1.852476073152059755e+00
5.773244198996770882e-01 1.088183558451300881e+00
2.016285842187990895e-01 6.678068891528843309e-01
3.637205903515940975e-01 -3.774970160005163833e-01
-3.823444050241509573e-01 3.594807533597544902e-01
3.357718784137442986e-02 1.213094958788023092e+00
-5.510685361726060938e-01 1.954296167249598204e+00
5.029847624811213391e-01 -1.526634012439852750e+00
-4.958859602244777287e-01 1.195503717040884206e+00
7.879070949408149838e-02 -5.360094541863142936e-01
9.561114822690589543e-01 8.171407450214880352e-01
-6.728426791005262531e-02 9.850369115635210227e-01
-3.190538336260200780e-01 -6.680798009296119444e-01
1.151492792508884255e+00 -5.029515844792701307e-01
-6.297651267058443914e-01 -1.042719029933747016e-01
-5.217369967695880684e-01 9.537406921854406361e-02
6.510401654972357566e-01 2.803625916051980527e-01
-9.212519643244115874e-01 3.637313800831298294e-01
-1.038924339062480717e+00 6.226021170868141219e-01
-1.015757089932524532e-01 9.789948962207392080e-01
-2.678399486278754127e-01 1.214754371149686429e+00
1.551816830199867492e-01 1.124575140935145878e+00
-1.397098177638065097e+00 1.405011893469262807e+00
7.905492807496304897e-01 -1.715410892686961342e+00
1.053868995547126097e+00 -4.726119152202835072e-01
1.098766286893658073e+00 8.403673736673255013e-01
2.874234041876597701e-01 -6.578814025541207533e-02
9.170139716661325213e-01 -9.118065311420145980e-01
-1.859862108262224853e-02 6.249136443069235325e-01
6.096234934716590059e-01 -1.918991956611658944e-01
-1.048946536607872487e-01 -3.044899955685414494e-01
1.788986553008326263e-01 -7.369810682695203674e-01
-2.408205202291935632e-01 9.322415892406300530e-01
-6.172949022899079097e-01 -3.900532017977583754e-01
9.889579466026837684e-01 5.836905550378944652e-01
-1.527045868753530581e-03 1.234871735599626152e+00
5.328433437450459387e-01 6.797205773078471847e-01
-1.374294295545708533e-01 1.029090424990996455e+00
-7.646310487444597515e-01 -1.107522295837627541e-01
2.204847844824996683e-01 -1.837386177681287425e+00
1.112667183917862346e+00 1.026075630179112297e+00
1.478532497364337450e+00 -1.307759833535772520e+00
6.274217267861853520e-01 -4.408365457704982449e-01
1.077054064438838887e+00 -5.992897478697333247e-01
4.245342953573569278e-01 1.312133894536110956e+00
4.090055777144058213e-02 9.097766662520861969e-02
-1.025000153090869365e-02 2.229273045573627876e-01
2.570806519452214500e-01 1.273036060478110576e+00
-3.607254136150117585e-01 1.726612640806357568e+00
7.889635955396246958e-01 1.431999895374630738e-01
-1.809171187605340680e-01 6.823881576853384479e-01
-1.384696230632994352e-01 6.007626835274679777e-01
3.496321630474210074e-01 -5.864704629028922866e-01
-5.028387715288828996e-01 2.933809056054156317e-01
-6.737207526986240813e-01 -7.165983874782326790e-01
2.810503586568889323e-01 1.667566083216605322e-01
-8.941750758803749255e-01 1.690067765081204154e+00
-1.293742045128668527e+00 9.371810729773959459e-01
-2.511758342161718449e-01 -1.043256057685238769e+00
1.811707002104415432e-01 1.774092565003133892e-01
-7.706369670978877595e-01 2.526540100967876179e-01
-3.624268944072521204e-01 2.956250332623752142e-01
7.027560006160732398e-01 8.184739644988911489e-02
6.643502441011044368e-01 -1.516748262459050478e+00
8.644890686058265272e-01 1.556784255101570480e+00
6.578050482723067915e-01 6.245994142794374093e-02
-1.308846397530792583e-03 6.401513104285589950e-01
8.918309326367583889e-01 8.404357886533204702e-01
-2.771767897871458830e-01 5.352642170268011590e-01
6.377969646545293969e-01 4.540707001635984064e-01
-7.776209454355262896e-01 -5.968499082750159390e-01
5.686035812120812105e-01 1.432475848274178953e-01
6.672550231108674845e-01 1.470286971445185165e+00
9.710933934181806837e-01 2.306785992258523176e-03
-6.304233703048336412e-01 -5.770169500677225782e-01
-3.800205827923247015e-01 1.117348724574580010e-01
-2.668028733560624532e-01 -6.018368568269730767e-01
-7.684388665738152158e-01 -1.141650377430972307e+00
-2.460786430332577990e-01 7.778248774004900001e-01
6.276027327026176827e-01 -1.882121745918559630e-01
5.767671698408107783e-01 7.070878186904553386e-01
-1.162609871123081173e-01 9.711574722874480869e-01
1.067927377587059024e+00 -7.004986942432859243e-01
1.038580014788060002e-01 -1.020164222249066777e+00
7.054963042018349562e-01 1.659618817355710929e+00
-7.611019315439729871e-01 -6.977886489173709128e-01
-3.087720348581154961e-01 2.580224856099778141e-01
-8.966966600661077091e-01 6.545262328795496964e-01
1.252224867637201922e-01 -2.251646834432288191e+00
-5.310162041424721924e-01 2.499874431865192759e-01
3.762210137075053251e-01 -8.743577007669832701e-01
-1.886728926566490605e+00 9.720580702008666529e-01
-1.608141066390233576e+00 2.122328498667147290e-01
-1.360497570418148117e+00 1.227449833392943557e+00
3.442701814226682422e-01 -4.829756451004032503e-01
1.660402942337429133e+00 -1.619553260612387247e+00
-5.139701367824101030e-02 -5.881750317660675575e-01
-7.040440449655679389e-01 -1.905097335889717469e-01
-1.321352922056198809e+00 2.617670975319248416e-01
-1.072611449726084354e+00 8.140528478783115585e-01
5.931229968677554504e-02 -1.354965650074185513e-01
4.836356402510214592e-01 9.403250299596043194e-01
-8.100630314708519020e-01 -6.667104679996835870e-01
-7.753858474004647894e-01 -7.924818154615032029e-01
-2.942034418198263834e-01 -3.068594571722809694e-01
-1.935691713007227643e-01 -5.151132589069629120e-01
6.235755238463943639e-01 6.435270907259614814e-01
1.204504972440728405e+00 1.379655861679806472e+00
7.056440251023635701e-01 -6.005832763288858622e-01
6.005949528403360382e-01 -2.921767615729009004e-01
-5.194119379059427555e-01 1.378104437590895459e-01
-1.148022649907268544e+00 -7.345142058029882071e-01
1.562138322889602138e-01 -6.555554414316613343e-01
-4.590171349511466548e-01 -4.211864638005152206e-01
-4.267169434397495298e-01 -7.808683002621893410e-01
-6.563835910987427802e-01 -8.581670459546762719e-02
-1.181344312048154599e+00 -9.331164840230574686e-01
1.064285009607220278e+00 4.379729364775337697e-01
-7.056466119689376315e-01 2.063174549112048450e-01
8.205658053560247467e-01 -1.119234654293676634e+00
-4.933560297203165024e-01 -5.638098523777159699e-01
5.341401404149671572e-01 -4.814015549670884186e-01
-1.564260353498321196e-02 -3.208541712561987502e-01
1.050130945565770801e+00 4.149376211217645771e-01
-1.797298193566574609e+00 6.049451645711358960e-01
-5.432027619636595750e-01 -8.372667744610187146e-01
4.374751152384982467e-01 -5.523229444757346007e-01
3.735592919309934645e-01 -1.535944547064152788e-01
6.629832058776025105e-01 8.727108251316434417e-01
4.152611097053233724e-01 -1.031113707158954673e+00
-6.376776468881071303e-01 5.036198895699974809e-01
4.433165373058893868e-03 -2.163748201224474366e-01
-1.664244141036350377e-01 -1.289028345903840744e+00
8.948565990647527890e-02 -9.337946349794919998e-01
-2.850787048895471187e-01 -2.684638308586487221e-01
-4.888480728799038388e-01 -8.323565720813435043e-01
-6.917752374918920699e-01 2.093697228681310751e-01
2.308822986517317932e-01 -1.253282197222972849e+00
1.548007331671563680e+00 5.527848108972924779e-01
-6.442818947082596948e-01 4.920217644903476795e-01
5.403729344393192191e-01 -4.709358734857284068e-01
1.915499759872988095e-01 4.210349543406623485e-01
7.660182164167264052e-01 -6.982106743897639189e-01
-8.342899679833504223e-01 6.282642080332880852e-01
-9.219603538950412736e-01 5.327092001774323959e-01
-8.509585697030696005e-01 7.342577826251819317e-01
-1.005264025364532188e+00 1.005539090309600647e+00
-4.525800929122070770e-01 1.493147785647408465e-01
1.049381437945994477e+00 -1.357612388642165824e+00
1.123802796667290604e-01 4.730742722320079204e-03
3.773037248713305702e-01 -2.369351732451313308e-01
8.206192769755902283e-01 5.212605128184376602e-01
1.695168819313718878e+00 3.091615889891572988e-01
2.981924870673266503e-01 -8.074382492914170539e-01
-6.620303537542469030e-01 4.360935214956917494e-01
-6.618988102748132873e-02 -3.480961314466557988e-01
-5.604743915716359215e-01 -1.475847488811774744e+00
-1.996630912953573644e-01 2.007452103825438261e+00
-4.855656957260419682e-01 -3.390432566984639129e-01
1.175126895373974190e+00 6.835576210698544042e-01
-1.684117780552010224e+00 1.073483755282333751e+00
-1.120462705631828371e-01 1.059039154871842525e+00
3.489550969478815157e-01 3.225911156388097667e-01
-5.898845010788171805e-01 5.413722115472958674e-01
1.328575442042440047e+00 8.983572236102749242e-01
1.105471575292881647e+00 3.421674307184940367e-01
-3.195805373988065967e-01 4.819113595195481103e-01
1.177489339117128608e+00 -1.513066722437189426e+00
-1.480547743959832463e-01 -3.009935078304425138e-02
1.042722368217253059e+00 -8.253067496590458241e-01
-7.267155118799267788e-02 -9.131982422122435494e-01
-1.285182522934643357e-01 1.274614420906104773e+00
4.807084908118289257e-02 1.516581428079838423e-01
1.106880418520387543e+00 -5.656686805098102289e-01
6.478275179308875531e-01 -4.177493450253947915e-01
8.897997395844743362e-01 2.157668313928188392e-02
6.318359285506119916e-01 7.468783299665033848e-01
-1.496618731084158993e+00 9.652670322351165622e-01
-5.248556852256553995e-01 -1.108597055747624793e+00
-7.173045364245886901e-01 1.325213318051242428e+00
-6.306013162935014682e-01 -1.301946423527013730e+00
1.045838581678055629e-01 2.065933190333129887e-01
-3.357356109589814362e-03 6.772060441113328944e-01
-1.174006987783220213e+00 4.106450551524969406e-01
2.433570217803093239e-01 2.685176096068399021e-01
-2.532482275927133042e+00 -5.466066230668579218e-01
3.621123822173137885e-01 1.090994996729700572e+00
4.803118457459114032e-01 -4.290815354501836820e-02
1.172623418220146263e+00 4.131414103370472657e-01
1.022561149909089862e+00 -7.050500469895161215e-01
4.653915805884246137e-01 4.716405113769882584e-01
-4.740332814500845537e-01 -5.886981714020196599e-02
-1.036229052249979077e+00 8.481949183906239975e-01
3.100689222755206170e-02 1.618924686784764644e+00
-3.185821835706766358e-01 -6.405696683469127573e-01
1.027606918249582391e+00 6.001110960879295630e-01
7.315078490161569524e-02 1.284730870917618305e-02
-3.488136128087421239e-01 -9.916477251718441854e-01
2.320711663338818620e-01 -1.602792877111838266e+00
-7.218798405609352375e-01 -1.110085779287757424e+00
7.051496804934626050e-01 1.482817602190501960e+00
-6.594276256923828905e-01 1.884225609056344453e-01
-4.103633848794912553e-01 -1.051201160180913252e+00
2.082668319589312533e-01 -4.952140396939379574e-01
-2.820414566568210657e-01 -7.992642982283376663e-01
-1.222057393190201680e+00 6.144070814046227041e-02
-1.434695303494569751e-01 7.831930093132967174e-01
-5.425484052862331597e-01 -8.601262920041728988e-01
5.026122519196901672e-01 -6.986317628719248551e-01
-5.375449753389685004e-01 9.921981816755832684e-01
-5.191236059225233790e-01 -3.480471399523947240e-01
-1.505690554446549756e+00 2.617077977083447915e-01
-2.481938402614904948e-01 1.168524228564553763e-01
-3.386198158820795667e-01 -1.235784163765209359e-01
-4.851923593614038133e-01 1.249310477065579184e+00
6.120272063639820015e-01 -1.111797558202840319e+00
2.843796003157594288e-01 -4.446814933402658265e-02
1.095478873302364153e+00 1.957789441548293818e-01
1.338874872158150042e-01 -6.924946693096064587e-01
2.706399201706872759e-01 -1.070373280085618717e+00
2.444726830575958687e-01 -3.663576905350556800e-01
-1.405371803683846399e-01 2.601275037828000070e+00
5.133022020433452015e-01 -1.075037909863983288e+00
-5.376200346289737864e-01 5.579957036478153110e-02
-2.141631549413121616e-01 -4.270799110867923298e-02
4.057941113887665874e-01 6.903824464934329441e-01
-1.665723846871501213e+00 -8.087038233827715805e-01
-8.878276622386668260e-01 -2.332940109085308578e-01
1.426045822939454588e+00 -8.399089611636020303e-01
-2.047766089092143416e-01 -7.610240738485829493e-01
7.435565756451002414e-03 -6.105848307700167954e-01
1.103818503077334645e+00 7.052204754662498853e-01
-4.770043148122642407e-01 -9.887512186500851952e-01
-8.545420052207891581e-01 -1.369869762766117438e-01
9.131961350165549440e-01 2.156853612788188546e+00
7.679982834501317690e-01 -5.544562635988451449e-01
4.911519204227895452e-01 -2.926446723758830970e-01
9.967037655403360175e-01 1.011364205080843348e+00
-7.057838117882399009e-01 1.709308194648389012e+00
9.659277408469382764e-02 -4.076368979810403581e-01
2.405178776257683448e-01 -5.061834033222225582e-01
-1.668896227271202404e-01 3.763460452905496023e-01
-8.836220695482508436e-01 -3.678038354118936398e-02
4.026446493143576166e-01 9.118064769418411375e-01
-3.595380685308878776e-01 3.338400955310359408e-01
7.972832417394332127e-01 3.817327256177564521e-01
3.445223177243043611e-01 9.797553011079481733e-01
-5.944454872713536009e-01 -1.475140579204003155e-01
1.029547016366335471e-01 -3.792171392875847702e-01
2.734408987174545835e+00 -3.030757317438469434e-01
-5.932054632232255376e-01 6.693994414693880124e-01
4.258305580199625573e-01 1.990242948721194713e-02
8.578622180904719174e-01 -5.188679040244851270e-01
6.962033268966713040e-01 5.733465494311786870e-01
-3.871230719680349708e-01 4.887668326815306497e-01
3.099048095555719251e-01 -3.348258837060040793e-01
1.103856581109831092e+00 1.679497269070252541e-01
5.034372892323705218e-01 -8.711063709703267821e-02
-4.185335579537614037e-01 3.145903609873093587e-01
5.821629928917356755e-01 1.217326171291875037e+00
-7.102903628644411382e-01 6.673083803934014568e-01
-5.723157000099396985e-01 5.217675560849641125e-02
2.222946503307270116e-01 2.925998357914819797e-02
-2.013410425143374205e+00 -1.021512688299993421e+00
-1.534765641219641097e+00 -1.899615188895223516e+00
1.202373572836714921e-01 -6.763029571124394845e-01
-9.415143394476134242e-01 -8.574265644435363765e-01
4.703918304278316698e-01 -8.460312856076092070e-01
9.150869143994720956e-01 1.725769525813334038e-01
1.159400488527674716e-01 -1.475124983179510574e+00
-1.427654651750951131e-01 -6.705874811937008462e-02
3.057260496111161366e-02 -1.094923404097070563e+00
3.675740878015899549e-01 1.961821726121162346e+00
-2.017583270706453102e-01 2.513812299416665064e-01
-1.293453666113088540e-01 5.083389747298008299e-01
4.441980368049758265e-01 8.038518456341624541e-01
-1.066125861905721450e+00 -1.240954511438350005e+00
-1.402374900230841881e+00 3.881673948001076319e-02
1.637723881864052489e+00 -2.920781347892427715e-01
-3.451035650061017868e-01 1.380204161245036365e-01
-1.308058143463509682e+00 1.992263983810911965e+00
-1.711791456307637072e+00 -1.047182087409639140e+00
1.337807217805765114e-01 -4.152157996651408278e-01
-2.817282116492794142e-01 1.561397987147837618e+00
-3.572089932196613749e-01 -8.341502884704116161e-01
3.819319278334078194e-02 -1.386452314684521570e+00
3.374133776109783378e-02 3.905977949552917883e-01
-3.113349117410701972e-01 2.086566071591135219e-01
-7.395284646298390108e-01 -1.013496112761041568e+00
1.633681108972813711e-01 8.454837302753104300e-01
1.665546154822773739e-01 7.410149629591636922e-01
-1.377333118674184842e+00 1.155776579678281957e+00
3.836534526215621965e-01 -2.259824202789367575e+00
-3.286488846416456000e-01 8.272985674486933450e-01
-8.580687771180826916e-04 -2.623689440897494785e-01
7.933866391304307264e-01 -1.215982181102299275e+00
6.977547417933157581e-01 -5.527506025275881474e-02
7.574499230381469550e-01 -1.155941461067031550e+00
-1.690577158226815079e-03 5.536279999151748621e-01
2.168056559349552381e-01 2.427611974972681552e-01
-8.476549748830959630e-02 5.077640301010274276e-02
-1.109488082370986728e+00 -4.404758399676272362e-01
1.324277222865620551e+00 -4.663873345638551715e-01
5.914536290623780834e-01 -7.761852666161225267e-01
-5.162353764795444278e-01 1.718473693342481123e+00
-1.731127711114493345e-02 2.231969327400767367e-01
3.370671834527531052e-01 1.501864594420311283e+00
-2.683660806468242122e-01 -1.967917749971662467e+00
-5.912290868303570202e-01 1.153419595107655349e+00
-5.307544846264760086e-01 1.027118724772970060e+00
-1.825044620612746365e-03 -1.764600905143789145e-01
7.190780145078284891e-01 -1.573086189481346153e+00
3.370562069747675693e-01 4.518375434485676911e-01
6.049695677689205242e-01 7.888253114654785181e-01
-2.949492085161027344e-01 6.768761521312294249e-01
-2.311491869605435401e-01 -2.777530522201347996e-01
5.765764294422054403e-01 9.829161558893519945e-01
4.654591351863298088e-01 -1.522260392156487452e+00
9.835780190656073785e-01 2.128373702919574839e+00
2.415864898525165450e-01 -7.305481067258129402e-01
1.487933670255553675e+00 1.138361129129365157e+00
-3.075104342807508107e-01 -1.158915011710965892e+00
1.059337459244182211e+00 3.075199627338827749e-02
-1.221062276734398433e-01 -1.372551873312493287e+00
8.533313333528861344e-01 2.836984763218076133e-01
9.190887166063114178e-01 5.960712974964297306e-01
-3.375456509267126814e-01 6.969725930529260260e-01
1.520698650234903582e+00 7.539216650193982794e-01
1.442220580981025679e-01 -5.099976485632161660e-01
5.846057354354083913e-01 -3.197188607751060702e-02
8.873041077901758777e-01 -7.751302291058824456e-02
-2.560835529880164163e+00 -1.603724857401823467e+00
-4.875793645195999337e-01 9.900786581020768473e-01
-8.961183571343733778e-01 -1.444800326034545668e+00
4.652917406149722490e-01 7.037419695611036863e-01
1.487422145623549685e+00 -6.444185251946894510e-01
1.173245658638858213e+00 -5.302974165033201848e-01
-1.078963663759717057e-01 5.639992044606756405e-01
1.032111071075611647e-01 -1.616564352410738481e+00
5.762472867651567965e-01 -6.446482889418402029e-02
9.603507284478243200e-01 1.271206528927199875e+00
-5.099605402588228698e-01 1.057503111147525043e+00
-6.285093054754953279e-01 7.054739800413838413e-01
3.269887524755558661e-01 9.903901490048039324e-01
-5.329865575842103187e-01 7.928379828378234739e-01
3.267157049310968064e-01 -6.315349499489119056e-01
1.673925223597917622e+00 -3.443933446322163805e-01
-4.799138944950143149e-01 4.616429820915060045e-01
-1.050441588585552921e+00 4.366984373607385450e-01
-4.036899375041366200e-01 6.241767822543339284e-01
-1.854765673561878714e+00 -6.043546656918369342e-01
1.246913658306075812e-01 -1.597597403540617633e-01
-1.922398718190239733e-02 -1.703806294982563863e-01
3.504663475880394063e-01 8.198955491036612475e-01
-1.467041382175199304e-01 -5.539396410773705925e-01
3.130119184850770342e-01 1.192218388220411818e-01
1.029187326559509869e-01 7.429069345152302661e-01
-5.755458845563101722e-01 7.992833586698520065e-01
-4.133191350874500514e-01 -1.538244987708919931e+00
-8.718538322850005740e-01 2.998982267545515223e-01
-3.803257050291741215e-01 -2.626958605779560751e-01
-2.537753558503046958e-01 8.730516060955359481e-02
-3.692440098082689914e-01 1.135364952645894904e-01
1.442440184409741755e-01 -5.958838940503083936e-01
2.082915738738659941e-02 -6.588369437344150370e-01
-1.716128832402553650e-01 -9.734283661597290527e-01
1.369054226451404677e-01 4.848788866304133416e-01
5.939235098332925622e-01 1.006432264938565968e+00
9.402250110926125837e-01 -6.931123231543155905e-01
-7.591279396742098839e-01 7.756944226296665912e-01
4.309519759425382568e-01 -1.240267622496713101e-01
-3.993323500791636227e-01 6.623854859148271546e-01
-3.068691358950963455e-01 6.574592825224468973e-01
-6.791196440548326052e-01 -6.873302886058064720e-01
1.766287265947009966e-02 2.828388417678852629e-01
3.401072604911850039e-01 -5.197766787246219655e-01
-8.634388188247342777e-01 -5.878094819611950905e-01
1.038904614837089957e+00 4.576496320529472306e-01
-4.756266811848219866e-01 6.997879814497148798e-01
2.282963590905731643e-01 9.269514905434036445e-01
5.132859637637592343e-01 -1.853009214163443830e-01
6.542713863416406150e-01 -1.541983743961513609e-01
-1.690046662780009257e+00 2.286152455045720733e-01
-2.465826490510331093e-01 -1.225720298707001721e+00
8.898108739579287940e-01 1.846615447864407678e+00
8.277545096401354163e-01 1.501993155368311073e-01
-5.529201466824968936e-01 -8.886612720180230296e-01
-9.407079834619848091e-01 8.450904641253230432e-02
-3.341177555899865759e-01 -4.333558419291160674e-02
-5.829202396681970599e-01 5.917598010351912130e-01
1.551515147121973914e+00 9.642712462289103614e-01
-8.926453000782397229e-01 -1.690245992902806194e+00
-8.474789863637124387e-01 5.429427948334396570e-01
1.678660064315930511e-01 -6.415770469917649044e-02
-7.393932176150734836e-01 6.263514182171947553e-01
-1.009849714242695207e+00 6.117811333016575093e-01
-6.300109244021493415e-01 8.720175684704307983e-02
-1.055091559335617379e+00 -4.340750348098358358e-01
-1.166098247010932676e+00 -4.137472235061116499e-01
8.678717545288430202e-01 4.441480803253423093e-01
-2.341153841776311972e-01 1.073518300742976050e+00
-2.257197618973735276e-01 -1.226400940437092357e-01
-1.428838237932885669e+00 -8.941462778218314256e-01
-1.067693783405242236e+00 5.748619218161638011e-01
1.104831313472329990e+00 8.177406721192117534e-01
6.995557933751292978e-01 -1.981413754713909348e-01
-1.379124048823157367e-01 -1.063191023633970472e-01
2.173449596563891695e-01 -1.664836019947250945e+00
4.008570898993561726e-02 2.414205344254813645e-01
6.920647378703287389e-01 7.761358084216968267e-01
-8.405257069603124798e-01 4.218369277601477507e-01
4.969011931146493088e-01 -3.366904294633088490e-01
-1.331578234420423668e+00 3.075978957827200100e-01
6.895385813043929391e-01 4.354639549740916271e-01
-4.861680478991387555e-01 -5.659397213918054836e-01
-2.402885195600672902e-02 -6.666898007372673574e-02
-1.699201510361607881e-01 -7.659732032567813098e-01
1.692985244619689966e-01 3.576003604221181242e-01
2.878251019492528151e-01 -1.487157206126431319e+00
-7.636553189308985246e-02 -1.118288653194076332e+00
3.185479769217914453e-02 -6.999251551165466267e-01
2.051277687081637158e+00 -2.537712280320915670e-01
-3.163397109956755937e-01 7.864311337949565495e-01
-1.234461445695811177e+00 -1.094545475510999788e+00
-1.145722059583824226e+00 -2.396399191787242922e-01
6.477334581024028759e-02 -6.918250047564580285e-01
-4.267136111065864545e-01 1.674503846699217480e+00
-7.274246044245443743e-01 1.289265865244078324e-01
-6.317224285384763771e-01 -8.171881843029421555e-02
3.088211956862628449e-02 -2.452368664705691648e-01
9.776384308205214868e-01 1.008404201347188556e+00
4.683194374928534853e-01 -5.012394254283687456e-01
-1.109152996614458875e+00 -2.797413214502095236e-01
-4.081664853278003935e-02 5.420283328418781243e-01
-2.398971100551301472e-01 -3.710369480637515371e-01
7.962446695744910263e-01 3.251589012430977088e-01
-5.703483517858943808e-01 4.102292427244736972e-01
7.758956432248503843e-01 2.849275090503305408e-01
-5.432697933237717880e-01 7.570723348925612051e-01
9.381350490234491302e-01 3.708595456454165384e-02
-2.606661111928430530e-01 1.737382707702145590e-01
-9.053606130327054302e-01 5.935265399895486294e-01
-1.814256182423895636e+00 -1.017006838155061071e-01
-2.724358249914397567e-01 1.318310567711205694e+00
-2.139816715877052911e+00 -1.669244495112106319e-01
4.784118687781540036e-01 -2.928898167472413494e-01
6.679311274077276428e-01 1.689275037998775764e+00
-2.921678293992738262e-01 4.027294116544867242e-01
3.007935437849610510e-02 -3.691639946226063507e-01
-1.681788055967633477e-01 5.082538999612150610e-01
3.367066449727931787e-01 8.759345810478254002e-01
1.085744798069146366e+00 -2.526404275361813778e-01
-3.909889263780635393e-01 2.169205723402700403e-01
9.771854029467395009e-01 -1.171667331498634779e+00
4.571177916432931920e-01 -8.889842642019959440e-01
-8.634367231989727998e-01 4.876255724040570172e-01
2.786310083114449943e-01 1.944784994310899684e-01
2.768339161945090887e-01 1.367769882772813972e+00
1.131160691323618739e+00 -2.995871697084374063e-01
9.880908289675828238e-01 -7.955164231511376860e-01
-1.457981642364583053e+00 7.887557491376298024e-01
-1.412486758195989900e+00 -1.083791308955365906e+00
-1.122938078586983683e-02 -4.264613365999596062e-01
-5.169351471747547500e-01 -1.352579480273831347e+00
-1.990760856130101120e+00 -1.096657073822911332e+00
6.799447177522113250e-01 8.434609576768287154e-02
9.332314329665275521e-01 -1.552691948025316515e-01
-9.951325366543822826e-01 5.380973756519388251e-01
-2.056879039021663580e+00 1.214331863324400462e+00
1.769070060852129256e-01 -1.262789333424076066e+00
5.332546983679901098e-01 3.437889717101593606e-02
-7.141633669028047970e-01 -6.656253326128757086e-01
-1.417384013705757229e-01 -4.495992413767896934e-01
1.317547404291190272e-01 9.017932052979409363e-01
6.407678357222776344e-02 -1.468413897210891772e+00
6.147901091585857847e-01 8.532409754279502989e-01
1.589916464958092579e+00 9.852767757136624560e-01
-6.723257492352026077e-01 4.767668315190580763e-01
6.901484190140939612e-01 1.323696909279005629e+00
2.738650886073152324e-01 -1.282281917862907239e+00
6.547696969955753288e-02 -1.012620216834479780e+00
-3.622406115427266315e-01 -1.015917574471366658e+00
2.412963576397541832e-01 -4.861810836496533450e-01
-6.047404884671460090e-01 5.803646719229865747e-01
1.709747652880547197e-01 -1.163818651682921645e+00
8.381321448581471323e-01 -1.116744773327990714e+00
-1.411821524198986211e-01 1.130860585295306864e+00
4.706520965542276835e-01 1.247951458229521887e-01
-5.397989069491099245e-01 -5.146552435208954224e-01
-8.192284137252059742e-03 4.838628640661690739e-01
-4.632034588639154515e-01 -9.713768855194311325e-01
7.793007571763319596e-01 1.373129045319319230e+00
4.294692048541192686e-01 -3.184178179131357256e-01
-9.010978680071345392e-01 -4.974490241680323832e-01
9.878796249599589574e-01 3.361957370979077320e-01
8.396879887483852389e-01 -4.194642916620974771e-01
-2.475535521907684389e-01 1.775026652944383887e+00
1.309150171476640701e+00 5.196075350173736673e-01
-1.615319826196760067e+00 4.638083557479065755e-01
-6.747887190526791201e-01 -1.322346413380776631e-01
2.634681543386514502e-01 -8.891702035282079697e-01
5.408192326859635468e-01 -3.405231118344924646e-01
-4.595011915484332743e-01 1.721795565312739473e+00
-1.270925199067386990e-01 -3.181880628008034173e-01
-4.491053771581065557e-01 1.768229134721568119e-01
6.931111990751092078e-01 1.151286037036739485e-01
-8.207543963472462289e-01 1.098866656206832104e+00
-6.746457739708663359e-01 -2.902345066323573919e-01
8.034404723541567206e-01 1.673750518432558509e-01
-1.342671399574356883e+00 1.066993264687929654e+00
1.276724341281069708e-01 -6.773943751178178596e-01
2.031557984173665565e-01 -5.533742811469515299e-01
-5.021582234263431976e-01 -3.096239684590921803e-01
7.557000789525364359e-01 5.953364780591146044e-01
-3.713916126376151650e-01 3.998048517274699898e-01
-2.251598906031682668e-01 -7.016644235221439763e-01
-2.474632007836380931e-01 -9.023078275112826618e-02
-7.431085447228262808e-01 4.168341006204597243e-01
-1.797549866567407437e-02 -8.771711532664444588e-01
1.674479716210551361e+00 1.454830456475341427e-01
4.116543900599604067e-01 1.140692836228706097e+00
2.473333899496682753e-01 6.967037704445578905e-01
-1.809000808577085062e-01 -4.396077041333521507e-01
1.959152040064766065e-01 -2.712443334604985323e-01
-1.702573246935501772e-01 2.727394200879312836e-01
9.645277498083253409e-01 1.692289146403620048e+00
-3.384398149772961384e-01 8.541782662361940837e-01
-3.937472945155644222e-02 1.450861846176108860e-01
-1.254072158577657775e-02 3.793632013779822953e-01
-2.470297147693651385e-01 9.090316047211634276e-02
-5.706721731333440628e-01 -1.738976109276308080e+00
-9.489602085200847803e-01 1.148333188017047979e+00
-8.889015083803782913e-01 1.314541345174760067e-01
-5.106958773732982459e-01 8.203361442055971675e-02
-6.251540034981184490e-02 1.164607424540268665e+00
3.093836726834791554e-03 -9.675212059844541246e-01
-6.398727147945342253e-01 -5.540793164501801593e-01
